90/09/19,3428000,80558700,23.3,25.3,23.3,24.9,X0.00,459
90/09/20,1671900,40364790,24.1,24.4,24.1,24.1,-0.80,378
90/09/21,241644,5631401,23.3,23.3,23.3,23.3,-0.80,99
90/09/24,4619207,107084676,22.1,24.6,21.7,24.5,+1.20,934
90/09/25,10706900,260598333,25.4,26.0,23.7,23.8,-0.70,1380
90/09/26,8183680,206383855,23.8,25.4,23.8,25.4,+1.60,1340
90/09/27,7995890,212189804,25.9,27.1,25.9,27.1,+1.70,1838
90/09/28,5968680,161617695,27.7,27.8,26.6,26.9,-0.20,1851
90/10/02,3771833,95172193,26.9,26.9,25.1,25.1,-1.80,899
90/10/03,5330054,128856326,25.1,25.5,23.4,23.4,-1.70,1418
90/10/04,4270688,101491843,24.9,24.9,23.1,23.5,+0.10,1279
90/10/05,4423383,108769144,23.7,25.1,23.3,24.7,+1.20,1280
90/10/08,1935120,46469470,23.9,24.5,23.6,23.8,-0.90,610
90/10/09,2812950,69500732,24.1,25.1,24.1,24.7,+0.90,953
90/10/11,3769615,99319623,26.4,26.4,26.0,26.4,+1.70,848
90/10/12,9351380,255437885,27.7,28.0,26.4,27.5,+1.10,2400
90/10/15,5640116,156625942,27.3,28.5,26.8,27.5, 0.00,1932
90/10/16,8186858,232470904,28.0,29.4,27.6,29.4,+1.90,2304
90/10/17,9761434,286315782,29.7,30.3,28.1,28.1,-1.30,2694
90/10/18,3226990,88714314,27.2,28.0,26.6,27.8,-0.30,1101
90/10/19,5986000,171128337,27.1,29.3,27.1,28.5,+0.70,1894
90/10/22,5800900,167588760,29.2,29.5,28.1,28.3,-0.20,1787
90/10/23,5212189,145320512,28.9,28.9,27.0,27.0,-1.30,1857
90/10/24,9148900,259054269,27.1,28.8,27.1,28.8,+1.80,2173
90/10/25,15132285,456381953,29.5,30.7,29.5,30.5,+1.70,4101
90/10/26,14341452,452258997,30.7,32.5,30.7,30.9,+0.40,4213
90/10/29,6616522,208753069,31.2,32.0,30.6,31.9,+1.00,2252
90/10/30,5979630,182975385,30.9,31.4,30.0,30.0,-1.90,1838
90/10/31,7953070,245726581,29.9,31.6,29.9,31.2,+1.20,2553
90/11/01,8980836,284668016,31.6,32.3,31.2,32.0,+0.80,2764
90/11/02,10795728,359941523,33.0,33.9,32.6,32.9,+0.90,3258
90/11/05,12575929,433070111,33.6,35.2,32.9,35.2,+2.30,3668
90/11/06,12693743,447204946,36.0,36.4,34.1,34.1,-1.10,3894
90/11/07,10304380,360756955,35.3,35.6,34.1,35.3,+1.20,3499
90/11/08,7993567,273083834,35.0,35.0,33.3,33.7,-1.60,2482
90/11/09,9049136,307330320,33.0,34.8,32.5,34.8,+1.10,3085
90/11/12,6100164,211690942,34.6,35.0,33.8,34.9,+0.10,2038
90/11/13,14619491,521330398,34.8,36.2,34.2,35.2,+0.30,4157
90/11/14,12661059,455640634,36.0,36.8,35.2,35.2, 0.00,3871
90/11/15,22811290,830357060,35.2,37.6,35.0,37.1,+1.90,6052
90/11/16,9891074,359269769,36.9,37.1,35.7,36.0,-1.10,3334
90/11/19,9251791,331481257,35.2,36.5,34.5,36.2,+0.20,3221
90/11/20,31325040,1167992020,36.8,38.5,36.6,37.0,+0.80,6849
90/11/21,20271965,779764998,37.0,39.5,37.0,39.5,+2.50,5023
90/11/22,12371920,478460038,39.5,39.5,37.8,38.2,-1.30,3397
90/11/23,21243508,839160904,38.3,40.4,38.3,39.6,+1.40,5270
90/11/26,13378990,557281993,40.4,42.3,40.4,42.3,+2.70,3372
90/11/27,12630687,539132782,45.0,45.0,40.5,42.0,-0.30,3666
90/11/28,13600039,567017621,42.0,42.9,40.5,40.6,-1.40,3538
90/11/29,10860850,445735652,40.3,41.8,40.3,40.5,-0.10,3278
90/11/30,12733417,533814613,41.1,42.8,40.9,41.9,+1.40,3855
90/12/03,11995262,531856547,43.6,44.8,42.9,44.3,+2.40,3240
90/12/04,11803387,530970197,43.1,46.5,43.1,46.1,+1.80,3958
90/12/05,14619831,669405188,46.7,47.0,43.1,44.6,-1.50,4566
90/12/06,13244889,606345085,45.4,46.5,45.0,45.3,+0.70,4283
90/12/07,17395068,791880182,44.9,46.3,44.3,45.4,+0.10,4995
90/12/10,11523371,515464861,45.4,45.5,43.2,43.2,-2.20,3364
90/12/11,8562026,365609663,42.5,43.6,41.7,42.7,-0.50,2818
90/12/12,11805619,527849626,43.0,45.6,43.0,45.6,+2.90,2999
90/12/13,28328480,1343942510,47.5,48.7,44.5,44.7,-0.90,7399
90/12/14,21685056,997141224,44.2,47.5,44.1,47.5,+2.80,5501
90/12/17,11580380,526481231,47.3,47.3,44.2,44.2,-3.30,3624
90/12/18,9288115,399525660,44.8,45.1,41.2,41.3,-2.90,3315
90/12/19,9268990,389103413,42.1,43.0,41.3,41.4,+0.10,2988
90/12/20,8084390,341640242,41.5,42.9,41.5,42.3,+0.90,2670
90/12/21,9135380,367998106,41.6,42.0,39.4,39.5,-2.80,3185
90/12/24,5122090,207255034,39.6,41.2,39.6,40.1,+0.60,1924
90/12/25,11616590,487742191,40.8,42.9,40.5,42.9,+2.80,3316
90/12/26,13431843,586648790,43.4,44.6,42.7,42.9, 0.00,4424
90/12/27,19797415,872093361,43.5,45.2,42.5,42.7,-0.20,6405
90/12/28,10678750,450360354,43.0,43.4,41.0,42.3,-0.40,3599
90/12/31,9798975,422636742,43.2,43.6,42.5,43.2,+0.90,3244
91/01/02,21998000,991089800,43.3,45.9,43.3,45.0,+1.80,5552
91/01/03,29589203,1409834703,46.5,48.1,46.1,48.1,+3.10,5534
91/01/04,26639240,1306014013,50.0,50.5,47.0,47.1,-1.00,6702
91/01/07,19458960,956410393,48.0,50.0,47.2,50.0,+2.90,4772
91/01/08,17625595,864828381,50.0,50.5,47.1,48.5,-1.50,5230
91/01/09,16433589,788157059,48.2,48.9,47.2,47.5,-1.00,5214
91/01/10,10824590,508353437,47.5,47.8,46.5,46.5,-1.00,3827
91/01/11,14202596,660437218,46.2,48.1,44.0,44.2,-2.30,5103
91/01/14,6873457,302911975,43.5,44.9,43.1,44.2, 0.00,2519
91/01/15,6453732,283984655,44.1,45.0,43.1,44.5,+0.30,2415
91/01/16,11395000,502579541,44.5,45.0,42.1,42.1,-2.40,3417
91/01/17,11928490,485114916,40.2,41.6,40.0,41.2,-0.90,3686
91/01/18,12975095,541936449,41.9,42.5,40.4,40.4,-0.80,4138
91/01/21,8944349,380183691,40.9,43.2,40.9,43.2,+2.80,2930
91/01/22,17314475,769357052,43.6,45.4,43.2,44.1,+0.90,5405
91/01/23,14146667,633189949,44.1,45.5,43.1,43.8,-0.30,4704
91/01/24,9392365,409467395,45.0,45.0,42.8,42.8,-1.00,3133
91/01/25,10908040,481260840,43.9,44.7,43.5,44.4,+1.60,4150
91/01/28,18203150,855700690,45.5,47.5,44.7,47.5,+3.10,5164
91/01/29,18772907,845260059,47.5,47.5,44.2,44.2,-3.30,5558
91/01/30,7874288,337533877,42.0,43.7,42.0,43.3,-0.90,3093
91/01/31,6833569,295421804,43.5,44.2,42.5,42.5,-0.80,2696
91/02/01,8258527,353772811,42.9,43.6,42.0,42.6,+0.10,2903
91/02/04,5023658,209598759,42.6,42.6,41.0,41.5,-1.10,1959
91/02/05,4498194,185289342,41.0,41.5,40.8,41.3,-0.20,1659
91/02/06,9130247,388757692,42.0,43.1,41.8,42.3,+1.00,3110
91/02/18,5895000,252322500,43.2,43.3,42.0,42.1,-0.20,2083
91/02/19,5433886,229062052,42.0,43.0,41.1,41.1,-1.00,1998
91/02/20,5932330,239203649,40.8,41.1,39.5,39.7,-1.40,2181
91/02/21,5364300,211914248,40.5,40.5,38.7,38.9,-0.80,1984
91/02/22,4347172,165987153,38.0,38.8,37.7,38.1,-0.80,1533
91/02/25,3545253,133495786,38.6,38.6,36.2,36.5,-1.60,1413
91/02/26,4739370,176628652,37.9,38.0,36.2,36.6,+0.10,1765
91/02/27,7731290,292532586,36.6,38.4,36.6,38.4,+1.80,2541
91/03/01,5245325,196153011,38.2,38.2,36.8,37.3,-1.10,1937
91/03/04,9651390,376041617,38.5,39.4,38.1,39.0,+1.70,2972
91/03/05,12851375,512896244,40.0,41.0,39.1,40.6,+1.60,3970
91/03/06,21389160,910887795,41.3,43.4,41.0,43.0,+2.40,5416
91/03/07,12467710,528188385,43.3,43.3,41.5,43.0, 0.00,3425
91/03/08,8176603,341453791,42.7,42.7,40.6,41.0,-2.00,2462
91/03/11,12758450,541126135,41.0,43.2,41.0,42.5,+1.50,3584
91/03/12,8316445,340958504,42.4,42.4,40.5,40.7,-1.80,2706
91/03/13,6182399,253589199,40.5,41.7,40.5,40.8,+0.10,2079
91/03/14,3133230,127391379,40.0,41.0,40.0,41.0,+0.20,1234
91/03/15,9042277,368620153,41.0,41.5,40.3,40.6,-0.40,2055
91/03/18,14884794,619816256,41.1,42.1,40.6,41.0,+0.40,3860
91/03/19,15553091,649470156,41.7,42.5,41.0,41.9,+0.90,4082
91/03/20,29030517,1268628208,42.7,44.8,42.4,44.8,+2.90,8266
91/03/21,41141355,1897045003,45.4,47.2,45.0,45.1,+0.30,11052
91/03/22,40332592,1891745258,46.3,48.1,45.8,47.1,+2.00,10486
91/03/25,28616258,1359258490,47.6,48.3,46.5,46.6,-0.50,7446
91/03/26,26586906,1269236726,46.6,49.0,46.3,48.4,+1.80,6923
91/03/27,21043210,1000561143,49.0,49.2,45.2,45.2,-3.20,5409
91/03/28,19775844,934747872,46.0,48.0,45.7,48.0,+2.80,5206
91/03/29,31794220,1574235732,49.8,50.5,48.3,50.0,+2.00,8595
91/04/01,24758794,1259137536,49.6,52.5,48.6,51.5,+1.50,6455
91/04/02,18811120,971734469,53.0,53.0,50.5,51.5, 0.00,4416
91/04/03,18921523,1002542577,51.5,54.0,51.0,54.0,+2.50,4705
91/04/04,9328564,485984236,54.0,54.0,51.0,52.0,-2.00,2636
91/04/08,6834869,346604150,52.0,53.0,49.8,50.0,-2.00,2173
91/04/09,6326570,314403147,50.5,51.5,48.4,48.5,-1.50,2188
91/04/10,7661890,375151740,47.6,49.9,47.6,49.9,+1.40,2209
91/04/11,8410898,432290028,50.5,52.0,50.0,51.0,+1.10,2420
91/04/12,15138645,762972260,50.5,52.0,49.5,50.5,-0.50,3885
91/04/15,9627014,488509896,51.0,51.5,50.0,51.0,+0.50,3106
91/04/16,6637970,333499611,51.5,51.5,49.6,49.9,-1.10,1997
91/04/17,22123901,1140350681,51.0,52.5,50.5,51.5,+1.60,5507
91/04/18,9845274,508977383,51.5,52.0,51.0,51.5, 0.00,2127
91/04/19,7509299,377882266,51.5,51.5,49.5,50.5,-1.00,1975
91/04/22,5484300,268995988,50.0,50.0,48.5,48.5,-2.00,1937
91/04/23,2710810,130551079,48.0,49.2,47.0,49.0,+0.50,1206
91/04/24,2093227,102485210,49.1,49.5,48.4,48.7,-0.30,883
91/04/25,5783840,284103494,48.7,49.7,48.5,49.1,+0.40,1728
91/04/26,2023044,98846398,49.6,49.6,48.5,48.5,-0.60,782
91/04/29,5290025,245953653,48.0,48.1,45.5,46.2,-2.30,1766
91/04/30,5975324,264529066,46.0,46.3,43.1,43.8,-2.40,1846
91/05/02,10636045,465650619,43.6,44.7,41.5,41.5,-2.30,2719
91/05/03,9711750,413350056,41.5,44.4,40.6,44.4,+2.90,2464
91/05/06,4818670,202247363,43.9,43.9,41.3,41.3,-3.10,1548
91/05/07,8017104,342565947,40.0,43.5,40.0,42.9,+1.60,2415
91/05/08,7121370,308880350,43.8,44.0,42.6,42.6,-0.30,2082
91/05/09,6361900,276567342,44.5,44.5,42.6,42.6, 0.00,1827
91/05/10,7412650,324188126,42.9,44.4,42.3,44.1,+1.50,2265
91/05/13,2281320,98849506,43.7,44.0,42.9,42.9,-1.20,746
91/05/14,2786350,120563438,43.5,43.8,42.6,42.9, 0.00,911
91/05/15,9996236,447994772,43.9,45.7,43.6,44.9,+2.00,2789
91/05/16,3569080,156078880,45.0,45.0,43.0,43.2,-1.70,1184
91/05/17,4660290,204413243,43.6,44.5,43.1,43.5,+0.30,1764
91/05/20,3252800,136375403,43.3,43.3,40.6,40.6,-2.90,1157
91/05/21,7692220,319719063,40.7,42.2,40.7,41.3,+0.70,2506
91/05/22,4444710,187665661,41.8,42.8,41.7,42.8,+1.50,1635
91/05/23,2565760,106695040,40.0,42.6,40.0,41.7,-1.10,981
91/05/24,5549402,238594065,43.0,43.7,42.0,43.0,+1.30,1911
91/05/27,1771432,75306738,42.1,42.8,42.1,42.6,-0.40,709
91/05/28,7598890,333232597,43.0,44.7,43.0,44.6,+2.00,2690
91/05/29,4744990,208895726,44.6,44.6,43.5,43.5,-1.10,1707
91/05/30,6796491,299453208,44.2,45.0,43.4,43.5, 0.00,2338
91/05/31,2763381,120236147,43.8,44.0,43.0,43.0,-0.50,1153
91/06/03,3197876,134311875,42.5,42.8,41.3,41.3,-1.70,1140
91/06/04,2332140,96716619,40.5,42.2,40.5,42.2,+0.90,992
91/06/05,2726381,115920593,42.7,43.0,42.1,42.3,+0.10,1160
91/06/06,1661908,70499065,42.3,42.9,42.0,42.0,-0.30,849
91/06/07,2011280,82661568,41.5,41.8,40.5,40.6,-1.40,848
91/06/10,1758780,73035403,41.2,42.0,41.0,41.5,+0.90,661
91/06/11,2282095,92817511,41.8,42.0,40.1,40.3,-1.20,947
91/06/12,5758600,234885043,40.7,41.4,40.4,41.1,+0.80,2069
91/06/13,4722748,198947284,41.9,42.8,41.5,42.3,+1.20,1900
91/06/14,2247980,93890275,41.9,42.2,41.4,41.8,-0.50,800
91/06/17,4203001,177238130,42.5,43.0,41.3,41.5,-0.30,1393
91/06/18,3841133,159609980,42.4,42.5,40.7,40.9,-0.60,1307
91/06/19,6204660,246198333,40.6,41.0,38.9,39.0,-1.90,1655
91/06/20,5195203,196412876,38.0,39.0,37.3,38.8,-0.20,1391
91/06/21,4283780,166784808,37.9,39.7,37.7,38.8, 0.00,1614
91/06/24,3607000,134945500,38.5,38.5,37.0,37.0,-1.80,1041
91/06/25,3218300,120156343,37.5,37.8,36.8,37.2,+0.20,1136
91/06/26,4409178,154415705,36.8,36.8,34.6,34.7,-2.50,1059
91/06/27,4556390,159575962,35.0,35.7,33.6,34.1,-0.60,1426
91/06/28,6480900,229351328,34.9,36.0,34.6,35.3,+1.20,1738
91/07/01,2938234,99237155,35.3,35.3,33.1,33.1,-2.20,785
91/07/02,2525000,83995700,32.1,33.9,32.1,33.5,+0.40,766
91/07/03,3634100,122826762,32.5,35.0,31.8,35.0,+1.50,1237
91/07/04,5380683,190877682,35.0,36.0,34.5,35.1,+0.10,1637
91/07/05,9535494,340860050,35.3,36.6,34.5,36.0,+0.90,2987
91/07/08,13111900,488644438,36.3,38.0,36.0,37.0,+1.00,2960
91/07/09,3481690,128695706,36.9,37.5,36.5,37.0, 0.00,1275
91/07/10,2554570,91801699,36.5,36.6,35.2,35.7,-1.30,886
91/07/11,6378990,228655964,35.0,36.7,34.6,36.2,+0.50,1861
91/07/12,6740600,253759306,36.8,38.2,36.8,38.2,+2.00,2101
91/07/15,8482024,330810212,37.8,39.9,37.5,38.8,+0.60,2520
91/07/16,4995129,193931877,39.5,39.8,37.8,37.9,-0.90,1538
91/07/17,2911159,107516504,37.0,37.8,36.5,36.7,-1.20,1016
91/07/18,3510699,130554220,37.3,37.8,36.6,36.6,-0.10,1209
91/07/19,3315550,116794325,35.6,35.9,34.8,35.5,-1.10,1185
91/07/22,2325560,81569279,34.5,35.8,34.3,34.7,-0.80,815
91/07/23,2680300,94498675,35.0,36.0,34.2,36.0,+1.30,1153
91/07/24,2896500,100973210,35.3,35.6,34.3,34.6,-1.40,1060
91/07/25,5274300,187362626,35.9,36.2,34.6,34.7,+0.10,1716
91/07/26,4228360,137929146,33.8,33.8,32.3,32.3,-2.40,1424
91/07/29,3039596,100875360,32.5,33.8,32.4,33.0,+0.70,1232
91/07/30,5760580,197688971,34.3,34.9,33.8,34.3,+1.30,1762
91/07/31,3003490,102234137,34.3,34.5,33.6,33.6,-0.70,991
91/08/01,2084090,70378738,33.3,34.3,33.3,33.6, 0.00,691
91/08/02,3018786,99725072,32.8,33.5,32.5,33.5,-0.10,759
91/08/05,2465100,76971191,31.2,31.7,31.2,31.2,-2.30,608
91/08/06,4689000,137401600,29.1,30.0,29.1,29.1,-2.10,1598
91/08/07,6464000,196625400,29.8,31.0,29.7,30.6,+1.50,1778
91/08/08,7744000,213241200,27.2,27.9,27.2,27.5,X0.00,2354
91/08/09,7196660,206519315,28.0,29.3,28.0,29.2,+1.70,2111
91/08/12,3091080,90606673,29.5,29.6,29.0,29.4,+0.20,1064
91/08/13,2061000,59988400,29.4,29.5,28.8,29.0,-0.40,755
91/08/14,3189700,93440795,28.4,29.9,28.4,29.9,+0.90,1164
91/08/15,5017358,153783199,31.0,31.2,30.0,30.0,+0.10,1693
91/08/16,4362800,133876979,30.6,30.9,30.3,30.8,+0.80,1301
91/08/19,4842890,150759468,31.1,31.6,30.5,30.8, 0.00,1376
91/08/20,3446350,107092663,31.2,31.5,30.3,30.3,-0.50,1069
91/08/21,2393300,73246442,30.5,30.8,30.3,30.7,+0.40,832
91/08/22,6524390,205449110,31.2,32.0,31.0,31.8,+1.10,2032
91/08/23,5985631,192520502,32.1,32.7,31.3,31.4,-0.40,1847
91/08/26,2548874,79258243,31.0,31.6,30.9,31.0,-0.40,896
91/08/27,2648770,82053724,31.4,31.5,30.4,30.5,-0.50,799
91/08/28,3027200,89127807,30.3,30.3,28.6,29.0,-1.50,1195
91/08/29,3031200,87394319,28.6,29.4,28.2,29.3,+0.30,1171
91/08/30,3017206,88609403,29.3,29.7,29.0,29.0,-0.30,1160
91/09/02,1553000,44594300,29.0,29.4,28.5,28.5,-0.50,612
91/09/03,2416933,69560650,29.0,29.3,28.3,28.5, 0.00,963
91/09/04,2990780,84905213,28.0,29.0,27.9,28.0,-0.50,1070
91/09/05,2743590,76624996,28.3,28.7,27.5,27.5,-0.50,1008
91/09/09,2037620,57277561,27.7,28.6,27.5,28.6,+1.10,748
91/09/10,3764600,110106070,28.7,29.8,28.2,29.7,+1.10,1456
91/09/11,7978202,241495418,29.7,30.8,29.5,30.0,+0.30,2689
91/09/12,3456856,103945000,30.0,30.5,29.7,30.0, 0.00,1353
91/09/13,2581957,76402516,29.5,29.9,29.3,29.6,-0.40,981
91/09/16,2438718,71341594,29.7,30.0,28.5,28.5,-1.10,933
91/09/17,5889900,176216814,28.9,30.4,28.9,30.4,+1.90,1762
91/09/18,16837937,516856273,30.1,31.3,30.0,30.4, 0.00,5028
91/09/19,6266030,190941945,30.7,30.9,29.6,29.6,-0.80,2326
91/09/20,3894670,111918431,28.6,29.2,28.5,28.8,-0.80,1448
91/09/23,3638400,105326609,28.8,29.5,28.5,28.6,-0.20,1486
91/09/24,2580290,73820299,28.6,29.2,28.0,28.2,-0.40,1168
91/09/25,4006300,107770615,28.2,28.7,26.3,26.5,-1.70,1557
91/09/26,3582812,96842662,27.0,27.4,26.7,26.7,+0.20,1421
91/09/27,3324250,87398658,26.8,27.3,25.0,25.4,-1.30,1357
91/09/30,2549900,62602342,24.9,25.4,24.0,25.4, 0.00,964
91/10/01,2200600,55494862,24.8,25.8,24.6,25.1,-0.30,928
91/10/02,4663512,120299449,26.0,26.2,25.2,25.2,+0.10,1672
91/10/03,2117511,51830454,24.8,25.2,24.0,24.0,-1.20,834
91/10/04,2969496,69610287,23.8,24.0,23.0,23.2,-0.80,1096
91/10/07,2861228,62582185,23.0,23.0,21.6,21.6,-1.60,985
91/10/08,4141484,89204532,21.2,22.2,21.0,21.8,+0.20,1649
91/10/09,3876735,85759381,21.9,22.5,21.5,21.6,-0.20,1519
91/10/11,3346498,73299698,22.2,22.3,21.4,21.4,-0.20,1115
91/10/14,2353304,51124009,21.6,22.1,21.2,21.4, 0.00,835
91/10/15,3616312,82118142,22.0,22.8,22.0,22.8,+1.40,815
91/10/16,7672020,184969176,23.9,24.3,23.8,24.3,+1.50,1965
91/10/17,9914937,242150552,24.0,24.9,23.7,24.2,-0.10,2970
91/10/18,11472736,287688361,25.2,25.6,24.6,25.3,+1.10,2802
91/10/21,4550989,114742506,25.1,25.8,24.8,25.2,-0.10,1636
91/10/22,8137453,207714880,25.5,26.2,24.4,24.4,-0.80,2368
91/10/23,10022856,256411951,24.9,26.1,24.4,26.1,+1.70,2495
91/10/24,11423745,299416148,26.3,26.7,25.6,25.9,-0.20,2956
91/10/25,3541817,90172338,25.5,25.8,25.1,25.4,-0.50,1260
91/10/28,8950945,233614298,25.7,26.7,25.4,25.4, 0.00,2368
91/10/29,2954565,75106194,25.3,25.9,25.1,25.2,-0.20,1055
91/10/30,3158901,79538032,25.6,25.6,24.6,24.7,-0.50,1109
91/10/31,4437309,112110367,25.0,25.6,24.9,25.1,+0.40,1336
91/11/01,3626367,89688207,25.1,25.5,24.1,24.3,-0.80,1172
91/11/04,2212772,54590565,25.0,25.1,24.1,24.5,+0.20,882
91/11/05,2516444,61980892,24.9,25.0,24.3,24.5, 0.00,853
91/11/06,6961868,176882028,24.8,26.0,24.6,25.7,+1.20,2099
91/11/07,7035895,183629473,25.9,26.4,25.7,25.8,+0.10,1967
91/11/08,15946034,425219289,25.5,27.3,25.5,27.2,+1.40,3754
91/11/11,6193060,161740043,27.0,27.0,25.4,26.2,-1.00,1681
91/11/12,4564216,119492235,25.8,26.5,25.8,26.1,-0.10,1372
91/11/13,4790397,124637179,26.2,26.8,25.5,25.8,-0.30,1309
91/11/14,4357774,113682072,26.3,26.5,25.5,25.6,-0.20,1277
91/11/15,3795367,98955783,26.2,26.4,25.8,26.0,+0.40,1165
91/11/18,2860909,73701888,26.0,26.3,25.4,25.5,-0.50,878
91/11/19,2414391,61544519,25.5,25.9,25.1,25.1,-0.40,889
91/11/20,3545782,87154427,25.0,25.5,24.1,24.1,-1.00,1017
91/11/21,5133608,121101609,24.7,24.7,22.9,23.1,-1.00,1530
91/11/22,5844424,141128077,23.7,24.7,23.6,24.7,+1.60,1565
91/11/25,2674034,65958276,24.7,25.1,24.1,25.1,+0.40,922
91/11/26,4136502,104491903,25.3,25.7,24.7,24.7,-0.40,1318
91/11/27,2355447,57831353,24.5,25.1,24.1,25.1,+0.40,749
91/11/28,6646816,170407746,25.6,26.1,25.0,25.4,+0.30,2075
91/11/29,7780207,202924272,25.7,26.4,25.4,25.8,+0.40,2208
91/12/02,4377742,114008723,26.0,26.4,25.7,26.4,+0.60,1430
91/12/03,10825279,290563099,26.6,27.2,26.2,26.8,+0.40,2784
91/12/04,5103574,133840996,26.5,26.7,26.0,26.0,-0.80,1085
91/12/05,3291817,86068939,26.2,26.4,25.9,26.1,+0.10,1041
91/12/06,1819999,47015341,25.9,26.1,25.7,25.7,-0.40,666
91/12/09,3467831,89371786,26.2,26.3,25.1,25.2,-0.50,1021
91/12/10,3719079,90640157,25.0,25.0,24.1,24.3,-0.90,1017
91/12/11,2108427,51928287,24.6,25.0,24.3,24.3, 0.00,797
91/12/12,2830346,68184204,24.4,24.8,23.5,23.9,-0.40,787
91/12/13,3124351,73852537,23.9,24.2,23.3,23.4,-0.50,742
91/12/16,2402618,56690539,23.4,24.0,23.0,23.6,+0.20,742
91/12/17,3744281,88167906,24.2,24.2,23.1,23.3,-0.30,988
91/12/18,2008890,46703884,23.4,23.6,23.0,23.2,-0.10,590
91/12/19,2932561,68673859,23.0,23.9,22.9,23.2, 0.00,873
91/12/20,3386417,76832491,23.3,23.5,22.0,23.3,+0.10,1118
91/12/23,1792492,41628496,23.3,23.7,22.8,22.9,-0.40,527
91/12/24,2872196,67037333,23.0,23.6,23.0,23.1,+0.20,854
91/12/25,9889949,227972594,23.1,23.5,22.9,23.0,-0.10,673
91/12/26,2278581,53396671,23.3,23.7,23.0,23.7,+0.70,839
91/12/27,1635475,38586536,23.7,23.9,23.2,23.2,-0.50,548
91/12/30,1001867,22694265,23.0,23.0,22.4,22.6,-0.60,417
91/12/31,1048017,23867116,22.7,23.0,22.5,22.6, 0.00,415
92/01/02,1931000,44330800,22.6,23.1,22.6,23.0,+0.40,417
92/01/03,2038462,47983345,23.5,23.7,23.3,23.5,+0.50,737
92/01/06,2081621,49344746,23.7,23.9,23.3,23.7,+0.20,687
92/01/07,2504000,60302055,24.1,24.5,23.7,23.7, 0.00,854
92/01/08,2288429,54637949,23.9,24.1,23.4,23.9,+0.20,708
92/01/09,1697632,40288247,23.7,24.1,23.4,23.6,-0.30,652
92/01/10,2405499,57603824,24.0,24.2,23.6,23.6, 0.00,829
92/01/13,5924400,145580375,23.8,25.1,23.8,25.1,+1.50,1665
92/01/14,2921055,72333247,25.2,25.3,24.5,24.5,-0.60,814
92/01/15,1842272,45188338,25.0,25.0,24.2,24.3,-0.20,661
92/01/16,1587224,37927253,24.1,24.6,23.6,23.7,-0.60,584
92/01/17,991166,23278662,23.4,23.8,23.3,23.4,-0.30,391
92/01/20,1061241,24460166,23.1,23.4,22.8,23.0,-0.40,364
92/01/21,1357339,31558347,23.0,23.5,23.0,23.1,+0.10,493
92/01/22,1104528,25365766,23.1,23.4,22.8,22.9,-0.20,370
92/01/23,1773304,41347820,22.9,23.7,22.9,23.3,+0.40,611
92/01/24,1662945,38718550,23.5,23.6,22.8,22.9,-0.40,524
92/01/27,1880987,43343151,22.6,23.4,22.3,23.1,+0.20,541
92/01/28,1229290,28623374,22.8,23.5,22.8,23.3,+0.20,427
92/02/06,695000,15754800,23.3,23.3,22.1,22.1,-1.20,310
92/02/07,1407660,30493740,21.5,22.1,21.2,21.9,-0.20,478
92/02/10,1044345,22704082,21.6,22.1,21.6,22.0,+0.10,279
92/02/11,958025,21285436,22.2,22.6,22.0,22.0, 0.00,315
92/02/12,1045328,23087767,22.3,22.3,22.0,22.1,+0.10,208
92/02/13,835296,18407538,22.1,22.3,21.8,21.8,-0.30,295
92/02/14,470582,10343476,21.9,22.2,21.8,22.0,+0.20,190
92/02/17,873673,19785307,22.5,22.9,22.4,22.9,+0.90,387
92/02/18,424530,9576240,22.9,22.9,22.3,22.4,-0.50,222
92/02/19,461287,10367669,22.6,22.8,22.2,22.2,-0.20,193
92/02/20,1829182,41769873,22.1,23.3,22.1,23.1,+0.90,630
92/02/21,3082322,72620630,23.7,23.8,23.3,23.4,+0.30,1118
92/02/24,779995,18005138,23.6,23.7,22.8,22.8,-0.60,336
92/02/25,809155,17999792,22.7,22.7,22.0,22.0,-0.80,360
92/02/26,808433,17923277,22.0,22.3,22.0,22.1,+0.10,251
92/02/27,748152,16399391,22.0,22.1,21.7,22.1, 0.00,251
92/03/03,775825,17484910,22.3,22.8,22.2,22.7,+0.60,302
92/03/04,1473114,33772307,22.7,23.2,22.5,22.7, 0.00,512
92/03/05,1108691,24951416,22.6,22.8,22.3,22.6,-0.10,327
92/03/06,856296,19310411,22.8,22.9,22.3,22.6, 0.00,257
92/03/07,1548638,34971518,22.4,22.8,22.2,22.7,+0.10,351
92/03/10,1507347,34347712,22.7,23.0,22.4,22.7, 0.00,555
92/03/11,996803,22447006,22.6,22.7,22.2,22.7, 0.00,349
92/03/12,1733809,39675042,22.7,23.1,22.6,22.8,+0.10,551
92/03/13,8155641,191859914,22.9,24.1,22.7,23.7,+0.90,2146
92/03/14,5980692,144335447,24.5,24.6,23.5,23.8,+0.10,1659
92/03/17,1402154,32564360,23.5,23.5,23.0,23.1,-0.70,521
92/03/18,3595026,86565372,24.0,24.5,23.7,23.7,+0.60,1077
92/03/19,2372148,56597103,23.7,24.2,23.5,23.5,-0.20,818
92/03/20,4931611,119390541,24.0,24.8,23.6,24.1,+0.60,1566
92/03/21,2850803,69197948,24.3,24.6,24.0,24.2,+0.10,1039
92/03/24,4787985,118020774,24.5,25.0,24.2,24.3,+0.10,1374
92/03/25,2115676,50713612,23.9,24.3,23.7,23.8,-0.50,672
92/03/26,1486074,35707385,24.1,24.3,23.7,24.2,+0.40,521
92/03/27,914820,21954239,24.0,24.2,23.8,24.0,-0.20,316
92/03/28,992307,23575366,24.1,24.2,23.6,23.7,-0.30,364
92/03/31,3376711,77596065,23.6,23.6,22.8,23.0,-0.70,575
92/04/01,1052850,24289445,23.0,23.4,23.0,23.2,+0.20,278
92/04/02,1173458,27538748,23.5,23.7,23.1,23.3,+0.10,429
92/04/03,2528303,60626021,23.9,24.3,23.7,23.7,+0.40,779
92/04/04,1466159,35025805,23.5,24.2,23.5,24.1,+0.40,556
92/04/07,4369328,107022030,24.1,24.9,23.9,24.3,+0.20,1235
92/04/08,4032300,98850491,24.3,24.9,24.1,24.3, 0.00,1157
92/04/09,2076030,50484159,24.3,24.5,23.9,23.9,-0.40,675
92/04/10,2413910,57718193,24.0,24.3,23.6,23.7,-0.20,769
92/04/11,1123160,26638007,23.7,24.0,23.4,23.4,-0.30,386
92/04/14,1003983,23443838,23.5,23.8,23.1,23.1,-0.30,342
92/04/15,1264061,29564676,23.5,23.6,23.1,23.3,+0.20,404
92/04/16,2689258,64586536,23.8,24.2,23.6,23.9,+0.60,922
92/04/17,1785407,42692624,23.7,24.2,23.7,23.8,-0.10,572
92/04/18,6298557,156315801,24.2,25.3,24.1,24.6,+0.80,2017
92/04/21,9160010,234193189,24.6,26.1,24.3,26.0,+1.40,2689
92/04/22,4140422,104002128,25.7,25.7,24.5,24.5,-1.50,1280
92/04/23,3522434,87516544,25.0,25.3,24.5,24.6,+0.10,1143
92/04/24,2779948,65983033,24.6,24.6,23.1,23.4,-1.20,881
92/04/25,4203512,94913918,22.8,23.2,22.2,22.4,-1.00,952
92/04/28,3355030,70746714,21.4,21.7,20.9,21.3,-1.10,912
92/04/29,2879978,63494998,21.5,22.3,21.5,22.2,+0.90,928
92/04/30,2435364,54194971,22.5,23.0,22.0,22.2, 0.00,652
92/05/02,1522357,33727836,22.0,22.7,21.9,22.7,+0.50,467
92/05/05,1828222,42095767,22.6,23.3,22.3,23.1,+0.40,573
92/05/06,1266853,29315157,23.3,23.4,22.9,23.0,-0.10,502
92/05/07,3550763,82282766,23.3,23.7,22.7,23.2,+0.20,1076
92/05/08,1081559,24762994,23.2,23.2,22.5,22.5,-0.70,423
92/05/09,1171342,26751310,22.5,23.1,22.5,23.0,+0.50,394
92/05/12,903509,20778536,23.0,23.2,22.8,22.8,-0.20,335
92/05/13,1472674,34477163,23.2,23.6,23.1,23.1,+0.30,511
92/05/14,1929046,45597064,23.2,23.9,23.2,23.4,+0.30,730
92/05/15,1244776,29145318,23.4,23.8,23.1,23.6,+0.20,436
92/05/16,1384556,32442709,23.8,23.9,22.9,23.0,-0.60,516
92/05/19,724233,16459265,22.8,22.9,22.6,22.7,-0.30,258
92/05/20,619199,14099951,22.4,23.1,22.4,23.0,+0.30,301
92/05/21,1316929,30419088,23.0,23.4,23.0,23.0, 0.00,428
92/05/22,1088419,25397116,23.1,23.5,23.1,23.4,+0.40,419
92/05/23,3974523,95330809,23.6,24.3,23.5,23.7,+0.30,1045
92/05/26,3444998,83781318,24.1,24.6,24.0,24.4,+0.70,977
92/05/27,5454661,134951750,24.7,25.1,24.2,24.2,-0.20,1477
92/05/28,3605363,87460810,24.8,24.8,23.7,23.7,-0.50,1037
92/05/29,1497807,35693795,24.0,24.0,23.6,23.7, 0.00,537
92/05/30,4086747,99555615,23.8,24.7,23.8,24.4,+0.70,1179
92/06/02,13755127,350547195,24.8,26.0,24.7,25.6,+1.20,2874
92/06/03,12034103,313459774,25.6,26.4,25.5,26.2,+0.60,2760
92/06/05,14242522,378361443,27.2,27.2,25.7,26.9,+0.70,3219
92/06/06,11940742,325645746,27.0,27.6,26.7,27.4,+0.50,2980
92/06/09,9730726,266676630,27.4,27.8,26.9,27.3,-0.10,2412
92/06/10,12642225,354320963,27.0,29.1,26.8,28.5,+1.20,3062
92/06/11,23719448,685846753,29.0,29.7,28.2,28.4,-0.10,5258
92/06/12,8162838,230419096,28.5,28.7,27.9,28.4, 0.00,2339
92/06/13,5123599,143931604,28.4,28.6,27.7,27.8,-0.60,1536
92/06/16,6400414,178816671,27.5,28.2,27.5,28.0,+0.20,1591
92/06/17,19674171,557928503,28.5,29.3,27.0,27.4,-0.60,4656
92/06/18,19997954,568799685,27.9,29.0,27.6,28.6,+1.20,4891
92/06/19,18482764,536787353,29.0,29.6,28.3,29.2,+0.60,4474
92/06/20,9014236,256584685,28.9,29.0,27.8,27.8,-1.40,2160
92/06/23,6039921,168146663,28.0,28.3,27.5,27.6,-0.20,1575
92/06/24,3916914,108270886,27.6,27.9,27.3,27.9,+0.30,1111
92/06/25,8644870,247686985,27.9,29.2,27.6,28.6,+0.70,2409
92/06/26,8584566,248294935,28.6,29.4,28.2,28.2,-0.40,2195
92/06/27,16270235,475792083,29.0,29.8,28.5,29.0,+0.80,4179
92/06/30,9856964,289405239,28.8,29.8,28.8,29.2,+0.20,2390
92/07/01,19773389,586688286,29.3,30.5,28.8,29.7,+0.50,4972
92/07/02,13149043,387338141,30.0,30.1,28.8,28.8,-0.90,3821
92/07/03,11542835,333392254,29.6,29.6,28.0,28.1,-0.70,3354
92/07/04,6658679,191399513,28.9,29.1,28.4,28.6,+0.50,2159
92/07/07,9534384,276479751,29.0,29.4,28.7,28.8,+0.20,2603
92/07/08,9738563,282991705,29.2,29.6,28.5,28.8, 0.00,2423
92/07/09,7236000,211607800,28.9,29.6,28.9,29.2,+0.40,1841
92/07/10,7806000,227967100,29.5,29.6,28.7,29.2, 0.00,1984
92/07/11,5149000,145507700,28.3,28.6,28.1,28.1,X0.00,1629
92/07/14,6521528,183690680,28.3,28.5,27.8,28.2,+0.10,1829
92/07/15,6579400,187706054,28.4,28.8,28.2,28.2, 0.00,1703
92/07/16,7520451,212177337,28.3,28.7,27.7,27.8,-0.40,2207
92/07/17,6918959,188855623,27.5,27.6,27.0,27.0,-0.80,1934
92/07/18,10326335,286196745,27.2,28.1,27.1,27.7,+0.70,2923
92/07/21,3991895,111187398,28.2,28.3,27.4,27.6,-0.10,1174
92/07/22,3877207,108503154,27.8,28.2,27.7,28.0,+0.40,1170
92/07/23,8395155,240735133,28.5,29.0,28.3,28.3,+0.30,2285
92/07/24,8472005,243218228,28.4,29.0,28.4,29.0,+0.70,1910
92/07/25,21460217,643630991,29.0,30.9,29.0,30.1,+1.10,5184
92/07/28,17019546,527210749,30.9,31.5,30.3,30.3,+0.20,3675
92/07/29,16210932,500872641,30.8,31.4,30.2,31.1,+0.80,3660
92/07/30,7847272,242027772,31.1,31.2,30.5,30.8,-0.30,2001
92/07/31,7344213,227676777,31.0,31.4,30.6,30.8, 0.00,1901
92/08/01,13588647,430538608,31.3,32.4,31.0,31.0,+0.20,3326
92/08/04,5921293,181990698,31.1,31.5,30.2,30.7,-0.30,1809
92/08/05,5546026,168625123,30.8,31.0,30.0,30.0,-0.70,1703
92/08/06,5150692,154819048,30.0,30.6,29.5,29.5,-0.50,1545
92/08/07,4265542,125436695,29.8,29.9,29.1,29.3,-0.20,1238
92/08/08,2835190,83724381,29.3,29.9,29.1,29.2,-0.10,890
92/08/11,2247940,64853101,29.2,29.2,28.7,29.0,-0.20,572
92/08/12,2753519,80745965,29.2,29.7,28.9,29.5,+0.50,800
92/08/13,5070585,153374809,30.0,30.7,29.8,30.2,+0.70,1427
92/08/14,5404639,163983657,30.3,30.7,29.6,30.4,+0.20,1177
92/08/15,6389713,195788189,30.8,30.9,30.2,30.5,+0.10,1583
92/08/18,2999115,90651666,30.7,30.9,29.8,30.2,-0.30,805
92/08/19,3212798,96802704,30.5,30.8,29.5,29.7,-0.50,928
92/08/20,1845544,54580566,30.0,30.0,29.2,29.5,-0.20,564
92/08/21,2895925,86932135,29.5,30.3,29.5,30.1,+0.60,887
92/08/22,3373543,102195698,30.4,30.7,30.0,30.0,-0.10,956
92/08/25,1842788,55370700,30.0,30.3,29.7,30.3,+0.30,535
92/08/26,2164980,64984201,30.3,30.4,29.8,29.9,-0.40,631
92/08/27,3093369,93823220,29.9,30.7,29.9,30.1,+0.20,897
92/08/28,3068409,91877884,30.3,30.4,29.7,29.8,-0.30,821
92/08/29,7449131,230793877,30.3,31.3,30.2,31.3,+1.50,2000
92/09/01,3406438,106151600,31.8,31.8,30.5,30.5,-0.80,961
92/09/02,2946436,89587156,30.6,30.9,30.0,30.4,-0.10,735
92/09/03,3988919,120514077,30.6,30.7,29.9,30.0,-0.40,898
92/09/04,2181835,64983760,30.0,30.4,29.5,29.6,-0.40,563
92/09/05,3258848,96341213,29.8,30.1,29.3,29.4,-0.20,722
92/09/08,2422175,71034865,29.2,29.6,29.1,29.5,+0.10,590
92/09/09,3301671,97754529,29.2,30.2,29.2,29.3,-0.20,902
92/09/10,1687736,49137446,29.2,29.5,28.9,29.0,-0.30,475
92/09/12,1034118,30428698,29.0,29.7,29.0,29.7,+0.70,299
92/09/15,2843221,85731119,29.7,30.4,29.7,30.2,+0.50,1245
92/09/16,1398786,42280553,30.2,30.5,29.9,30.3,+0.10,515
92/09/17,6598693,203496875,30.6,31.2,30.3,30.9,+0.60,1720
92/09/18,3058676,94569449,31.0,31.3,30.5,30.5,-0.40,1153
92/09/19,18873825,607092437,31.0,32.6,31.0,32.5,+2.00,4204
92/09/22,9140297,295193713,32.6,33.1,31.9,31.9,-0.60,1931
92/09/23,4776337,153834460,32.0,32.4,32.0,32.2,+0.30,1309
92/09/24,8004542,254123029,32.5,32.8,30.8,30.8,-1.40,1734
92/09/25,3413940,105677185,30.5,31.5,30.3,31.2,+0.40,1008
92/09/26,1930318,59654422,31.3,31.3,30.7,30.7,-0.50,496
92/09/29,880345,26933589,30.3,30.9,30.3,30.8,+0.10,346
92/09/30,1176128,36314451,30.9,31.1,30.7,30.8, 0.00,378
92/10/01,1230027,37489882,30.8,31.0,30.2,30.3,-0.50,409
92/10/02,4306882,136127008,31.4,32.0,31.0,31.9,+1.60,1250
92/10/03,2630965,82394489,31.8,31.9,31.1,31.1,-0.80,845
92/10/06,2493596,77548767,31.5,31.6,30.8,30.8,-0.30,722
92/10/07,1408443,43579157,31.0,31.3,30.7,30.7,-0.10,507
92/10/08,1165525,35939900,31.0,31.1,30.7,30.8,+0.10,491
92/10/09,3766528,117306106,30.8,31.8,30.5,31.5,+0.70,1070
92/10/13,2682392,84778754,31.9,31.9,31.1,31.1,-0.40,740
92/10/14,1577223,49357841,31.6,31.7,31.0,31.0,-0.10,517
92/10/15,4265924,135022657,31.2,32.0,31.0,31.9,+0.90,1092
92/10/16,4226752,134937768,32.3,32.3,31.5,31.9, 0.00,1027
92/10/17,4067789,130051337,32.0,32.4,31.5,31.5,-0.40,1156
92/10/20,1885357,59368649,31.5,31.9,31.1,31.7,+0.20,604
92/10/21,2534476,80588639,31.7,32.2,31.5,31.5,-0.20,665
92/10/22,1689096,53006949,31.7,31.8,31.2,31.4,-0.10,525
92/10/23,1626362,50288800,31.0,31.3,30.6,30.6,-0.80,537
92/10/24,1437089,43938323,30.8,30.9,30.3,30.4,-0.20,430
92/10/27,2929736,88667270,30.2,30.7,30.0,30.0,-0.40,726
92/10/28,1279389,38807647,30.2,30.5,30.2,30.5,+0.50,474
92/10/29,2556412,78868985,30.8,31.1,30.7,31.0,+0.50,715
92/10/30,1108910,34289267,31.3,31.3,30.8,30.8,-0.20,345
92/10/31,1816982,56208779,31.0,31.1,30.8,30.8, 0.00,518
92/11/03,2141625,66752882,31.0,31.5,30.8,30.8, 0.00,557
92/11/04,1012820,31477591,31.4,31.4,30.8,30.8, 0.00,411
92/11/05,928532,28707809,30.9,31.2,30.8,30.8, 0.00,311
92/11/06,1334197,41248626,31.0,31.2,30.8,30.9,+0.10,411
92/11/07,1900585,59391650,31.2,31.6,30.8,31.0,+0.10,556
92/11/10,1249291,38935784,31.3,31.4,31.0,31.0, 0.00,364
92/11/11,948854,29317910,31.2,31.2,30.8,30.8,-0.20,245
92/11/12,2795166,87559639,31.0,31.7,30.8,31.2,+0.40,861
92/11/13,5963124,191692840,31.9,32.7,31.7,31.9,+0.70,1695
92/11/14,4429522,142261269,31.9,32.5,31.7,31.8,-0.10,1158
92/11/17,1507541,47671223,31.7,31.9,31.3,31.3,-0.50,501
92/11/18,1490233,46312191,31.5,31.6,30.8,30.8,-0.50,485
92/11/19,1530883,47233271,30.8,31.2,30.6,31.0,+0.20,540
92/11/20,1280661,39908483,31.3,31.5,30.9,30.9,-0.10,382
92/11/21,1796314,55068863,30.9,31.1,30.4,31.0,+0.10,422
92/11/24,2055943,63835456,31.2,31.4,30.8,31.0, 0.00,460
92/11/25,1768446,55308185,31.8,31.8,30.8,30.8,-0.20,502
92/11/26,1208357,37322653,31.2,31.2,30.8,30.8, 0.00,347
92/11/27,1074042,32987739,31.1,31.1,30.6,30.7,-0.10,254
92/11/28,1458965,44897846,30.7,31.0,30.6,30.7, 0.00,347
92/12/01,1033998,31855556,30.8,31.0,30.6,30.8,+0.10,365
92/12/02,1527159,47366686,31.1,31.2,30.8,30.8, 0.00,517
92/12/03,4106926,127394728,30.8,31.4,30.5,30.9,+0.10,1027
92/12/04,1491747,46132111,30.9,31.2,30.8,30.8,-0.10,516
92/12/05,1154072,35550975,31.0,31.0,30.7,30.7,-0.10,471
92/12/08,1295300,39530239,30.7,30.7,30.4,30.6,-0.10,296
92/12/09,875917,26785066,30.5,30.9,30.5,30.6, 0.00,252
92/12/10,1881883,57361688,30.6,30.7,30.2,30.5,-0.10,455
92/12/11,1885513,57403215,30.4,30.6,30.3,30.5, 0.00,455
92/12/12,1742582,53137995,30.5,30.7,30.3,30.5, 0.00,439
92/12/15,793336,24200868,30.7,30.8,30.4,30.5, 0.00,223
92/12/16,919273,27890758,30.5,30.5,30.2,30.4,-0.10,242
92/12/17,3014993,92106319,30.5,30.9,30.3,30.5,+0.10,803
92/12/18,1401333,43265358,30.6,31.2,30.5,30.5, 0.00,546
92/12/19,954793,29051495,30.7,30.8,30.2,30.5, 0.00,297
92/12/22,679012,20753840,30.7,30.7,30.2,30.5, 0.00,228
92/12/23,617964,18831462,30.6,30.6,30.4,30.5, 0.00,197
92/12/24,2585334,79867471,30.5,31.2,30.5,30.5, 0.00,594
92/12/25,958802,29206168,30.6,30.6,30.3,30.4,-0.10,211
92/12/26,769637,23404217,30.7,30.7,30.2,30.2,-0.20,202
92/12/29,336049,10195550,30.5,30.5,30.2,30.2, 0.00,158
92/12/30,411687,12529592,30.5,30.6,30.3,30.4,+0.20,194
92/12/31,548882,16674985,30.5,30.5,30.3,30.5,+0.10,172
93/01/02,1357000,41666200,30.6,30.9,30.4,30.8,+0.30,408
93/01/05,2627012,79701376,30.9,30.9,30.1,30.3,-0.50,735
93/01/06,2513788,75753739,30.5,30.6,29.5,29.5,-0.80,772
93/01/07,4124810,120913910,29.7,29.8,29.0,29.0,-0.50,1276
93/01/08,3334366,97928195,29.2,29.6,29.1,29.4,+0.40,1062
93/01/09,2809084,83599001,29.6,30.0,29.6,29.6,+0.20,933
93/01/12,1636321,48472142,29.6,29.9,29.3,29.3,-0.30,458
93/01/13,1025994,30171211,29.5,29.7,29.2,29.3, 0.00,431
93/01/14,1387318,40812764,29.1,29.6,29.1,29.5,+0.20,490
93/01/15,1071931,31605310,29.6,29.6,29.3,29.5, 0.00,347
93/01/16,1113327,32691685,29.6,29.7,29.2,29.2,-0.30,370
93/01/27,790000,23295600,29.5,29.7,29.3,29.3,+0.10,242
93/01/28,1252687,36901057,29.3,29.7,29.2,29.5,+0.20,406
93/01/29,5787184,175381640,29.5,30.7,29.5,30.5,+1.00,1641
93/01/30,3795163,117086551,31.0,31.2,30.6,30.6,+0.10,1120
93/02/02,1910024,58315859,30.8,30.9,30.4,30.5,-0.10,513
93/02/03,1203903,36523917,30.5,30.5,30.1,30.2,-0.30,427
93/02/04,2536770,77504517,30.3,30.9,30.2,30.5,+0.30,624
93/02/05,2146204,65630779,30.5,30.9,30.2,30.3,-0.20,530
93/02/06,3822605,117785045,30.8,31.1,30.3,30.4,+0.10,866
93/02/09,2712588,83084325,31.0,31.0,30.3,30.4, 0.00,649
93/02/10,1679770,51443072,30.4,30.8,30.4,30.6,+0.20,445
93/02/11,4750852,147543635,30.8,31.3,30.8,31.0,+0.40,1145
93/02/12,3300177,102905321,31.5,31.5,30.6,30.9,-0.10,841
93/02/13,4425147,139310405,31.2,31.8,30.9,31.8,+0.90,1020
93/02/16,3329694,106180766,32.0,32.3,31.6,31.8, 0.00,782
93/02/17,2501576,79713687,31.9,32.2,31.6,31.6,-0.20,629
93/02/18,2406627,76887939,32.0,32.2,31.6,31.9,+0.30,637
93/02/19,2756581,88241873,32.2,32.4,31.7,31.7,-0.20,749
93/02/20,2419869,75875931,31.7,31.8,31.0,31.1,-0.60,663
93/02/23,1095337,34064128,31.2,31.4,30.9,31.1, 0.00,392
93/02/24,842014,26025920,30.8,31.2,30.7,31.0,-0.10,325
93/02/25,999474,31038005,31.0,31.2,30.9,31.0, 0.00,338
93/02/26,1318031,41288421,31.2,31.6,31.1,31.2,+0.20,497
93/02/27,2611902,82469642,31.5,31.9,31.2,31.3,+0.10,769
93/03/01,2467140,76942855,31.3,31.6,30.9,31.0,-0.30,675
93/03/02,3182208,99331194,31.3,31.5,31.0,31.2,+0.20,884
93/03/03,2199540,68626944,31.3,31.5,31.0,31.0,-0.20,667
93/03/04,3949465,124433085,31.2,31.8,31.1,31.5,+0.50,966
93/03/05,3228860,101796129,31.8,31.8,31.0,31.0,-0.50,908
93/03/08,3556861,112260351,31.2,31.8,31.2,31.7,+0.70,939
93/03/09,8955292,290046738,31.8,32.8,31.8,32.1,+0.40,2182
93/03/10,1825450,57997160,32.1,32.2,31.5,31.5,-0.60,685
93/03/11,1488229,47131826,31.5,31.9,31.3,31.8,+0.30,494
93/03/12,1184360,37154138,31.4,31.7,31.2,31.3,-0.50,410
93/03/15,1633341,50688327,31.8,31.8,30.5,30.5,-0.80,557
93/03/16,1472862,45021299,30.6,30.8,30.3,30.5, 0.00,544
93/03/17,1173945,35910948,31.0,31.0,30.3,30.5, 0.00,371
93/03/18,1759821,53946960,30.5,31.0,30.3,30.7,+0.20,453
93/03/19,1899044,58487414,30.8,31.1,30.6,30.7, 0.00,501
93/03/22,7112200,203724056,28.6,29.4,28.6,28.6,-2.10,1544
93/03/23,5595229,164449747,29.3,29.8,28.7,29.5,+0.90,1878
93/03/24,2116829,63098972,30.0,30.4,29.3,29.8,+0.30,795
93/03/25,1495327,44451695,30.3,30.3,29.1,29.2,-0.60,445
93/03/26,1042295,30457463,29.5,29.6,29.0,29.0,-0.20,367
93/03/29,1260046,38168371,30.7,30.7,30.0,30.6,+1.60,475
93/03/30,1021876,30863035,30.6,30.6,30.0,30.2,-0.40,430
93/03/31,923714,27880620,30.4,30.4,30.0,30.3,+0.10,329
93/04/01,5582180,175841660,30.3,32.2,30.3,32.0,+1.70,1727
93/04/02,4614289,148776346,32.5,32.8,31.6,31.8,-0.20,1446
93/04/05,10745683,358629585,32.2,34.0,32.1,34.0,+2.20,2938
93/04/06,5678881,191659039,34.5,34.5,33.1,33.1,-0.90,1624
93/04/07,4056465,135886447,33.2,33.7,33.1,33.5,+0.40,1148
93/04/08,4067979,135390554,33.6,34.0,32.9,33.0,-0.50,1045
93/04/09,4445634,147300183,33.0,33.5,32.7,33.1,+0.10,1184
93/04/12,10272376,358670644,33.7,35.4,33.6,35.4,+2.30,2792
93/04/13,17689800,646371832,36.0,37.5,35.8,36.1,+0.70,4569
93/04/14,10174786,371314142,36.1,37.2,35.8,36.5,+0.40,2977
93/04/15,5387070,190944976,36.5,36.5,35.1,35.1,-1.40,1652
93/04/16,6908589,246780774,35.6,36.2,35.1,35.6,+0.50,1930
93/04/19,5000161,175045801,35.6,36.0,34.5,34.5,-1.10,1400
93/04/20,3018714,105240191,34.7,35.2,34.5,34.7,+0.20,964
93/04/21,3408048,119578931,34.7,35.5,34.5,35.1,+0.40,992
93/04/22,10215718,366932240,35.8,36.6,35.0,35.1, 0.00,3165
93/04/23,2550609,89237652,35.8,35.8,34.5,34.6,-0.50,937
93/04/26,3018263,101909725,34.6,34.8,33.0,33.0,-1.60,930
93/04/27,3111988,103822219,33.1,34.1,32.7,34.1,+1.10,1092
93/04/28,2754574,93285604,34.1,34.4,33.2,33.2,-0.90,977
93/04/29,3698422,122886595,33.2,33.8,32.5,32.8,-0.40,1093
93/04/30,4692617,147456891,32.5,32.8,30.6,30.6,-2.20,1279
93/05/03,2391024,70918541,30.1,30.3,29.0,29.5,-1.10,809
93/05/04,2084866,63147614,30.5,30.7,29.9,30.5,+1.00,709
93/05/05,3474053,100716785,30.5,30.6,28.4,28.4,-2.10,1014
93/05/06,2715205,77923490,29.0,29.5,27.7,29.2,+0.80,1059
93/05/07,1472793,43366684,29.2,29.8,29.1,29.5,+0.30,603
93/05/10,1666638,46296224,28.0,28.4,27.5,27.6,-1.90,628
93/05/11,2347000,62834700,27.1,27.9,25.9,27.3,-0.30,772
93/05/12,3827432,106347332,27.8,28.3,27.1,27.2,-0.10,1070
93/05/13,6044854,156460209,27.2,27.2,25.3,25.3,-1.90,1927
93/05/14,5070993,123959492,25.0,25.3,23.9,24.7,-0.60,1408
93/05/17,3779000,89273500,24.0,24.2,23.0,23.0,-1.70,889
93/05/18,1791870,42545404,23.2,24.2,23.2,24.0,+1.00,670
93/05/19,3410032,85572362,24.3,25.5,24.3,25.4,+1.40,838
93/05/20,2014742,49839349,25.0,25.2,24.1,24.4,-1.00,681
93/05/21,2127129,53998197,24.6,25.7,24.5,25.6,+1.20,729
93/05/24,1854636,48344965,25.6,26.6,25.1,26.2,+0.60,764
93/05/25,1600718,41858610,26.0,26.4,25.9,26.2, 0.00,531
93/05/26,2068415,54811070,27.1,27.2,26.0,26.1,-0.10,639
93/05/27,916394,23855545,26.2,26.2,25.9,26.2,+0.10,328
93/05/28,1458704,38642004,26.4,26.7,26.2,26.6,+0.40,502
93/05/31,1455771,38943613,26.6,27.1,26.5,26.6, 0.00,530
93/06/01,1629019,42457300,26.6,26.6,25.6,26.3,-0.30,532
93/06/02,1994551,51358013,26.0,26.2,25.5,25.7,-0.60,594
93/06/03,1158000,29396500,25.7,26.0,24.1,24.1,-1.60,356
93/06/04,1222638,30131791,24.3,25.1,24.3,24.8,+0.70,395
93/06/07,934072,23824944,25.4,25.9,25.2,25.7,+0.90,280
93/06/08,1543355,40201238,26.1,26.2,25.7,26.0,+0.30,425
93/06/09,689944,17748517,26.1,26.1,25.3,25.3,-0.70,240
93/06/10,570204,14346633,25.2,25.5,25.0,25.0,-0.30,212
93/06/11,717370,17693501,25.0,25.1,24.4,24.4,-0.60,247
93/06/14,881340,21486248,24.4,24.9,24.2,24.4, 0.00,241
93/06/15,512727,12513343,24.3,24.7,24.1,24.6,+0.20,195
93/06/16,588647,14265068,24.8,25.0,24.0,24.0,-0.60,217
93/06/17,687397,16649156,24.3,24.6,23.8,23.9,-0.10,277
93/06/18,710204,16744650,23.9,24.2,23.2,23.8,-0.10,299
93/06/21,662745,15462337,23.5,24.0,23.1,23.5,-0.30,187
93/06/23,740851,17665495,24.0,24.2,23.6,24.0,+0.50,244
93/06/24,879470,21300701,24.4,24.5,24.0,24.5,+0.50,268
93/06/25,502000,12280200,24.5,24.8,24.3,24.5, 0.00,193
93/06/28,924915,22623096,24.6,24.9,24.1,24.4,-0.10,237
93/06/29,1893410,47206687,24.6,25.4,24.4,25.2,+0.80,572
93/06/30,1380262,34957106,25.5,25.8,25.0,25.0,-0.20,418
93/07/01,995282,24856650,25.2,25.2,24.7,25.0, 0.00,276
93/07/02,985368,24364319,24.5,25.3,24.5,25.2,+0.20,293
93/07/05,448000,11076600,25.0,25.0,24.6,24.7,-0.50,143
93/07/06,1852615,46439809,24.8,25.3,24.8,25.0,+0.30,401
93/07/07,519456,12961008,24.8,25.2,24.5,25.1,+0.10,217
93/07/08,689461,17294777,25.2,25.4,24.7,24.7,-0.40,215
93/07/09,621579,15498093,25.0,25.1,24.8,25.0,+0.30,176
93/07/12,1928423,47293519,25.2,25.3,24.0,24.4,-0.60,377
93/07/13,791375,18994869,24.3,24.3,23.8,23.8,-0.60,258
93/07/14,416287,9940574,23.8,24.0,23.7,23.7,-0.10,144
93/07/15,562050,13311857,23.7,24.2,23.2,24.2,+0.50,232
93/07/16,897010,21410740,23.6,24.2,23.6,23.6,-0.60,301
93/07/19,836472,19042782,23.5,23.5,22.2,22.3,-1.30,312
93/07/20,1143605,24732496,21.8,22.3,21.0,21.7,-0.60,344
93/07/21,963600,21437552,22.0,22.6,21.9,22.1,+0.40,318
93/07/22,660313,14520678,22.0,22.3,21.4,22.2,+0.10,222
93/07/23,762042,17348764,22.3,23.1,22.3,22.6,+0.40,272
93/07/26,283075,6373664,22.6,22.8,22.2,22.7,+0.10,104
93/07/27,1048102,24164803,22.9,23.3,22.7,23.0,+0.30,274
93/07/28,499513,11386437,23.1,23.2,22.5,22.6,-0.40,236
93/07/29,248073,5577639,22.3,22.8,22.3,22.3,-0.30,126
93/07/30,433295,9884043,22.6,23.2,22.4,22.5,+0.20,167
93/08/02,258318,5746515,22.3,22.5,21.8,21.9,-0.60,131
93/08/03,342600,7557472,22.0,22.4,21.7,22.1,+0.20,132
93/08/04,427364,9406234,22.1,22.2,21.8,22.1, 0.00,129
93/08/05,981000,22445700,22.3,23.6,22.1,23.4,+1.30,325
93/08/06,1035384,24062117,23.2,23.5,22.8,23.0,-0.40,403
93/08/09,805425,18839202,22.8,23.7,22.7,23.3,+0.30,338
93/08/10,923380,21848687,24.0,24.0,23.5,23.5,+0.20,371
93/08/11,410075,9607608,23.9,23.9,23.1,23.1,-0.40,196
93/08/12,262000,6025400,23.0,23.2,22.8,23.2,+0.10,111
93/08/13,410984,9566010,22.9,23.5,22.8,23.5,+0.30,167
93/08/16,227562,5288539,23.0,23.5,23.0,23.3,-0.20,80
93/08/17,483025,11221157,23.5,23.5,23.0,23.0,-0.30,204
93/08/18,372513,8576236,23.0,23.3,22.7,23.0, 0.00,165
93/08/19,1634533,38571827,23.2,23.9,22.8,23.8,+0.80,511
93/08/20,3968972,96173294,23.9,24.6,23.6,24.1,+0.30,1037
93/08/23,1603172,38740760,24.3,24.3,23.8,24.2,+0.10,446
93/08/26,2785417,69672636,24.6,25.5,24.5,25.4,+1.20,825
93/08/27,1490679,37379026,25.4,25.4,24.9,25.1,-0.30,487
93/08/30,847232,20971892,25.1,25.3,24.6,24.7,-0.40,294
93/08/31,2190000,53148600,24.5,24.8,24.0,24.1,-0.60,649
93/09/01,3130000,77758800,24.8,25.1,24.4,24.9,+0.80,828
93/09/02,5317000,123747500,23.0,23.8,22.9,23.4,X0.00,1442
93/09/03,1436442,33020524,23.5,23.5,22.6,22.6,-0.80,525
93/09/06,723384,16402431,22.6,23.2,22.2,23.2,+0.60,303
93/09/07,4393204,104481620,23.5,24.4,23.0,24.0,+0.80,1356
93/09/08,2582146,62175820,24.0,24.4,23.8,23.8,-0.20,882
93/09/09,825259,19556567,24.0,24.0,23.5,23.5,-0.30,338
93/09/10,4604265,112067974,23.9,24.7,23.6,24.5,+1.00,1372
93/09/13,5669271,143822969,25.4,25.8,24.9,25.3,+0.80,1457
93/09/14,3373659,84935252,25.3,25.6,24.6,24.6,-0.70,856
93/09/15,1653135,41180969,24.8,25.2,24.6,24.6, 0.00,543
93/09/16,1360074,33822176,24.6,25.1,24.5,25.0,+0.40,446
93/09/17,839540,20708533,25.1,25.2,24.3,24.4,-0.60,370
93/09/20,981398,23419028,24.4,24.7,23.6,23.6,-0.80,408
93/09/21,803280,19003153,24.0,24.0,23.4,23.6, 0.00,383
93/09/22,674590,15965627,23.9,23.9,23.4,23.8,+0.20,280
93/09/23,1017484,24264638,23.5,24.3,23.5,24.1,+0.30,387
93/09/24,2855770,69870421,24.3,24.9,24.0,24.1, 0.00,858
93/09/27,1086628,25790321,24.1,24.2,23.5,23.8,-0.30,356
93/09/29,1697595,40878665,23.8,24.4,23.8,23.8, 0.00,543
93/09/30,707815,16945196,24.0,24.2,23.8,23.8, 0.00,295
93/10/01,995674,23537215,23.6,24.1,23.5,23.6,-0.20,379
93/10/04,2447743,59580420,24.0,24.7,23.8,24.3,+0.70,937
93/10/05,1006949,24453305,24.5,24.7,23.9,24.1,-0.20,420
93/10/06,2781250,67897927,24.1,24.7,23.9,24.7,+0.60,841
93/10/07,7317918,182926787,25.1,25.2,24.5,24.7, 0.00,1752
93/10/08,2034360,49427584,24.5,24.7,23.9,24.0,-0.70,655
93/10/11,1039961,24775824,24.0,24.0,23.6,23.8,-0.20,384
93/10/12,1165218,27564840,23.6,24.0,23.4,23.4,-0.40,368
93/10/13,2256453,51992397,23.4,23.4,22.8,22.8,-0.60,715
93/10/14,1779065,40824608,22.8,23.2,22.6,23.0,+0.20,533
93/10/15,1192140,26824181,22.8,23.0,22.2,22.2,-0.80,451
93/10/18,1033820,22502504,22.4,22.4,21.4,21.4,-0.80,357
93/10/19,1036431,22475074,21.6,22.0,21.5,22.0,+0.60,366
93/10/20,534623,11567425,22.0,22.0,21.4,21.4,-0.60,248
93/10/21,1548638,33226381,21.5,21.8,21.2,21.4, 0.00,530
93/10/22,1435345,30898262,21.5,21.8,21.4,21.4, 0.00,538
93/10/26,1505555,31013182,21.0,21.1,20.3,21.0,-0.40,567
93/10/27,519871,10789413,21.0,21.0,20.5,20.6,-0.40,255
93/10/28,1348983,28137016,20.9,21.2,20.6,20.7,+0.10,478
93/10/29,789034,16289215,20.7,21.0,20.4,20.5,-0.20,312
93/11/01,1119163,22220153,20.7,20.7,19.1,19.2,-1.30,434
93/11/02,2318029,43256840,18.2,19.1,18.2,19.0,-0.20,847
93/11/03,1374750,26666358,19.0,19.7,18.9,19.5,+0.50,539
93/11/04,681924,13212812,19.5,19.6,19.2,19.4,-0.10,312
93/11/05,933117,18285253,19.6,19.8,19.4,19.4, 0.00,302
93/11/08,640906,12542574,19.5,19.8,19.4,19.4, 0.00,246
93/11/09,649995,12716890,19.5,19.8,19.4,19.5,+0.10,239
93/11/10,523098,10255295,19.7,19.7,19.5,19.7,+0.20,222
93/11/11,344393,6710293,19.5,19.6,19.3,19.3,-0.40,158
93/11/12,353802,6891995,19.5,19.6,19.4,19.4,+0.10,175
93/11/15,662673,12674179,19.6,19.6,18.7,18.7,-0.70,311
93/11/16,1238912,22946657,18.7,18.9,18.2,18.3,-0.40,447
93/11/17,2466289,46602652,18.2,19.3,18.2,19.0,+0.70,760
93/11/18,1784131,33957056,19.4,19.4,18.8,18.9,-0.10,605
93/11/19,6447742,128135333,19.0,20.2,18.8,20.2,+1.30,1576
93/11/22,5683342,114863831,20.1,20.5,19.7,19.7,-0.50,1522
93/11/23,1696066,33269487,19.8,20.0,19.3,19.4,-0.30,560
93/11/24,1971957,39006666,19.5,20.1,19.5,19.5,+0.10,522
93/11/25,905382,17846003,19.6,20.0,19.6,19.6,+0.10,371
93/11/26,3748313,69313801,19.6,19.9,18.3,18.3,-1.30,1214
93/11/29,2145884,37592579,18.3,18.3,17.2,17.5,-0.80,712
93/11/30,961084,16911386,17.5,17.8,17.3,17.6,+0.10,390
93/12/01,855554,15018834,17.5,17.9,17.3,17.6, 0.00,355
93/12/02,2308608,41173348,18.0,18.1,17.5,17.6, 0.00,649
93/12/03,1128493,19718945,17.7,17.7,17.3,17.4,-0.20,448
93/12/06,1169336,20335155,17.3,17.6,17.2,17.4, 0.00,415
93/12/07,3751872,62994590,17.4,17.4,16.4,16.6,-0.80,1233
93/12/08,3085466,51664840,16.6,17.0,16.5,16.7,+0.10,970
93/12/09,4252496,72738650,16.9,17.3,16.8,17.2,+0.50,1150
93/12/10,2375818,41340802,17.2,17.7,17.1,17.7,+0.50,617
93/12/13,2554904,45663918,17.9,18.1,17.5,17.7, 0.00,667
93/12/14,4477197,81680368,18.0,18.7,17.8,18.6,+0.90,1005
93/12/15,4612279,87536558,18.7,19.2,18.7,18.9,+0.30,960
93/12/16,2366859,45125246,19.0,19.3,18.7,18.9, 0.00,579
93/12/17,850239,15948287,18.9,19.1,18.6,18.6,-0.30,272
93/12/20,773910,14230424,18.0,18.7,18.0,18.5,-0.10,309
93/12/21,1932334,34938542,18.4,18.5,17.9,18.0,-0.50,619
93/12/22,2265882,39433745,17.5,17.9,17.1,17.4,-0.60,800
93/12/23,758146,13302482,17.4,17.7,17.4,17.5,+0.10,337
93/12/24,628730,10976114,17.5,17.6,17.4,17.4,-0.10,237
93/12/27,634779,11151311,17.5,17.7,17.5,17.6,+0.20,219
93/12/28,1463579,26193136,17.7,18.0,17.6,17.8,+0.20,426
93/12/29,2304002,41409158,18.0,18.2,17.6,17.9,+0.10,591
93/12/30,1057392,18892991,17.9,18.1,17.7,17.7,-0.20,301
93/12/31,1083291,19278562,17.8,17.9,17.6,17.9,+0.20,281
94/01/03,3069000,55154000,18.0,18.1,17.8,17.9, 0.00,586
94/01/04,812348,14299904,17.8,17.8,17.5,17.5,-0.40,272
94/01/05,701315,12196016,17.2,17.5,17.2,17.4,-0.10,223
94/01/06,709113,12378078,17.4,17.6,17.3,17.3,-0.10,199
94/01/07,1519841,26114304,17.4,17.5,17.0,17.0,-0.30,459
94/01/10,2310830,38706868,17.0,17.2,16.5,16.5,-0.50,574
94/01/11,889841,14857006,16.8,16.8,16.6,16.7,+0.20,225
94/01/12,878645,14659640,16.7,16.8,16.6,16.8,+0.10,248
94/01/13,859544,14474902,16.8,17.0,16.7,16.9,+0.10,255
94/01/14,1022445,17361885,16.9,17.2,16.8,17.1,+0.20,228
94/01/17,1441978,24969142,17.3,17.5,17.1,17.2,+0.10,268
94/01/18,290449,4969188,17.4,17.4,17.0,17.0,-0.20,113
94/01/19,379035,6417788,17.0,17.1,16.8,16.9,-0.10,102
94/01/20,434990,7338246,16.6,17.1,16.6,16.9, 0.00,152
94/01/21,351968,5940470,16.9,17.0,16.8,16.8,-0.10,85
94/01/24,1053335,17519311,16.8,16.8,16.5,16.5,-0.30,235
94/01/25,610211,10096087,16.4,16.7,16.4,16.7,+0.20,178
94/01/26,1411001,23560916,16.8,17.0,16.4,16.5,-0.20,348
94/01/27,1856241,31174794,16.5,16.9,16.5,16.9,+0.40,463
94/01/28,3391254,58647393,16.9,17.5,16.9,17.5,+0.60,706
94/01/31,6099128,109387532,17.7,18.2,17.5,17.8,+0.30,1081
94/02/01,1402591,24524711,17.8,17.8,17.2,17.2,-0.60,384
94/02/02,1515876,26195019,17.3,17.5,17.1,17.1,-0.10,405
94/02/03,514100,8867979,17.3,17.4,17.1,17.4,+0.30,235
94/02/14,2237000,39899800,17.7,18.1,17.5,17.5,+0.10,518
94/02/15,1446134,25332882,17.7,17.8,17.4,17.7,+0.20,565
94/02/16,6807584,123894005,17.8,18.6,17.6,18.6,+0.90,1386
94/02/17,6320329,117774079,18.7,18.9,18.2,18.4,-0.20,1469
94/02/18,5197676,97150263,18.4,19.1,18.2,19.1,+0.70,1225
94/02/21,5304195,99590705,19.1,19.1,18.5,18.8,-0.30,1359
94/02/22,1791280,32898235,18.7,18.7,18.2,18.2,-0.60,463
94/02/23,4158047,76353131,17.8,18.6,17.8,18.2, 0.00,807
94/02/24,5552970,103440646,18.2,18.9,18.2,18.2, 0.00,1223
94/02/25,5441025,104509738,18.7,19.4,18.7,19.4,+1.20,799
94/03/01,5302916,101356356,19.6,19.8,18.6,18.85,-0.55,1189
94/03/02,3300171,61755499,19.0,19.0,18.4,18.45,-0.40,760
94/03/03,2310453,42467405,18.5,18.65,18.1,18.65,+0.20,731
94/03/04,3481256,65486238,18.6,19.0,18.5,18.6,-0.05,988
94/03/07,1779565,32975247,18.55,18.9,18.25,18.3,-0.30,570
94/03/08,3321821,61165978,18.35,18.65,18.2,18.3, 0.00,869
94/03/09,7082058,134394003,18.45,19.35,18.3,19.1,+0.80,1918
94/03/10,4958088,94194222,19.1,19.25,18.6,18.8,-0.30,1109
94/03/11,4809874,91423726,18.9,19.25,18.7,18.8, 0.00,1099
94/03/14,2716972,51271011,18.8,19.1,18.6,18.6,-0.20,705
94/03/15,2943121,53968682,18.6,18.85,17.8,17.8,-0.80,750
94/03/16,1219421,21799827,17.8,18.15,17.5,17.7,-0.10,429
94/03/17,1417824,24879432,17.5,17.7,17.4,17.5,-0.20,489
94/03/18,2958895,50386129,16.7,17.5,16.7,17.35,-0.15,690
94/03/21,1298405,22709747,17.25,17.65,17.25,17.4,+0.05,521
94/03/22,613467,10716146,17.55,17.6,17.3,17.55,+0.15,271
94/03/23,743061,12920464,17.6,17.6,17.2,17.3,-0.25,287
94/03/24,699200,12248192,17.5,17.65,17.4,17.4,+0.10,225
94/03/25,2265786,39947303,17.4,17.95,17.4,17.5,+0.10,478
94/03/28,2135435,37876438,17.7,17.9,17.5,17.55,+0.05,543
94/03/29,1172755,20528862,17.6,17.75,17.05,17.05,-0.50,364
94/03/30,1041406,18029809,17.1,17.5,17.05,17.4,+0.35,324
94/03/31,1257051,22013075,17.4,17.65,17.4,17.45,+0.05,283
94/04/01,626247,10904336,17.5,17.6,17.25,17.5,+0.05,184
94/04/04,901262,15616460,17.4,17.5,17.15,17.3,-0.20,314
94/04/06,739848,12927252,17.5,17.65,17.35,17.35,+0.05,262
94/04/07,950557,16375127,17.4,17.45,17.05,17.1,-0.25,309
94/04/08,841510,14395648,17.25,17.25,17.0,17.05,-0.05,250
94/04/11,532543,9010116,17.0,17.05,16.85,16.85,-0.20,217
94/04/12,593200,10078751,17.0,17.15,16.9,17.1,+0.25,215
94/04/13,3422449,60316027,17.3,17.85,17.2,17.7,+0.60,1031
94/04/14,3845632,68299727,17.7,17.95,17.55,17.7, 0.00,962
94/04/15,2386211,42053630,17.55,17.85,17.4,17.5,-0.20,536
94/04/18,2553252,43505044,17.2,17.4,16.75,16.85,-0.65,628
94/04/19,993006,16893366,17.0,17.15,16.95,17.05,+0.20,304
94/04/20,2011277,33188304,17.15,17.15,16.2,16.2,-0.85,510
94/04/21,918437,14566961,15.55,16.15,15.55,15.9,-0.30,331
94/04/22,1615758,25962757,16.4,16.4,15.8,15.85,-0.05,509
94/04/25,2811561,42464845,15.6,15.6,14.75,15.1,-0.75,917
94/04/26,2248757,33474288,15.0,15.1,14.8,15.0,-0.10,678
94/04/27,737331,10983476,14.95,14.95,14.85,14.85,-0.15,270
94/04/28,1099724,16236398,14.9,14.95,14.55,14.85, 0.00,411
94/04/29,865194,12850870,14.85,14.95,14.7,14.75,-0.10,366
94/05/03,1878699,28240200,14.85,15.25,14.85,15.25,+0.50,671
94/05/04,1070204,16043012,15.25,15.25,14.9,14.9,-0.35,325
94/05/05,2144522,32702718,15.0,15.45,14.95,15.25,+0.35,701
94/05/06,1060835,16067166,15.2,15.25,15.1,15.15,-0.10,343
94/05/09,581699,8776373,15.15,15.2,15.0,15.2,+0.05,231
94/05/10,716662,10776606,15.15,15.15,14.9,14.9,-0.30,270
94/05/11,1328314,20030458,14.9,15.25,14.65,15.2,+0.30,425
94/05/12,684151,10343206,15.0,15.3,15.0,15.15,-0.05,210
94/05/13,5067522,80983900,15.35,16.2,15.25,15.75,+0.60,1158
94/05/16,1808080,27523924,15.75,15.75,15.05,15.2,-0.55,549
94/05/17,2157602,32367651,15.2,15.3,14.85,15.15,-0.05,581
94/05/18,642507,9697038,15.15,15.2,15.0,15.1,-0.05,200
94/05/19,589000,8971750,15.3,15.35,15.1,15.15,+0.05,238
94/05/20,575959,8750600,15.25,15.3,15.05,15.15, 0.00,210
94/05/23,549041,8240517,15.05,15.1,14.95,15.0,-0.15,176
94/05/24,407849,6124363,15.0,15.1,14.95,15.1,+0.10,199
94/05/25,720047,10735222,15.1,15.15,14.75,14.75,-0.35,284
94/05/26,1067820,15771278,14.75,14.9,14.55,14.85,+0.10,419
94/05/27,1944683,29579086,15.05,15.35,15.0,15.2,+0.35,736
94/05/30,4514107,70478134,15.2,15.85,15.2,15.5,+0.30,1338
94/05/31,1243000,19064800,15.45,15.45,15.25,15.3,-0.20,388
94/06/01,2366277,36816832,15.3,15.7,15.3,15.7,+0.40,923
94/06/02,4256465,67855423,15.9,16.15,15.7,15.75,+0.05,1262
94/06/03,4494379,71926495,15.8,16.15,15.8,16.05,+0.30,1242
94/06/06,1973879,31208662,16.05,16.05,15.7,15.75,-0.30,685
94/06/07,1494734,23508483,16.0,16.0,15.5,15.5,-0.25,544
94/06/08,1542977,24179218,15.5,15.8,15.5,15.7,+0.20,514
94/06/09,6600968,106108669,15.8,16.2,15.8,16.2,+0.50,1381
94/06/10,16997330,287110820,16.6,17.3,16.45,16.65,+0.45,2710
94/06/13,5203188,85331451,16.65,17.1,15.8,17.1,+0.45,1092
94/06/14,2928364,48763414,16.7,17.0,16.3,16.3,-0.80,785
94/06/15,1777035,29098132,16.3,16.5,16.2,16.4,+0.10,546
94/06/16,2240154,36988578,16.65,16.65,16.35,16.45,+0.05,620
94/06/17,2164193,35743172,16.5,16.8,16.2,16.3,-0.15,684
94/06/20,853104,13899383,16.3,16.45,16.2,16.2,-0.10,313
94/06/21,1224003,19817948,16.2,16.4,16.1,16.1,-0.10,396
94/06/22,1362326,22129721,16.15,16.35,16.15,16.2,+0.10,569
94/06/23,3111994,51215484,16.3,16.6,16.2,16.3,+0.10,926
94/06/24,1737800,28354796,16.25,16.55,16.15,16.2,-0.10,576
94/06/27,1685082,28119843,16.2,17.3,16.05,16.25,+0.05,527
94/06/28,1792172,28851292,16.25,16.25,16.0,16.15,-0.10,378
94/06/29,1290847,20871721,16.3,16.35,16.05,16.05,-0.10,474
94/06/30,2402687,39006034,16.1,16.4,16.1,16.15,+0.10,740
94/07/01,1629824,26426998,16.25,16.35,16.0,16.35,+0.20,551
94/07/04,4477576,74218932,16.35,16.85,16.3,16.35, 0.00,1089
94/07/05,1948393,31652513,16.4,16.4,16.15,16.15,-0.20,583
94/07/06,4969943,81939800,16.2,16.75,16.2,16.7,+0.55,1237
94/07/07,22581529,383995267,16.8,17.2,16.4,16.45,-0.25,4003
94/07/08,4561191,74399740,16.45,16.6,16.0,16.0,-0.45,1299
94/07/11,2934745,47304245,16.2,16.3,16.05,16.05,+0.05,925
94/07/12,3340307,54371749,16.2,16.4,16.1,16.2,+0.15,1060
94/07/13,8074265,132587149,16.45,16.6,16.2,16.25,+0.05,1700
94/07/14,4738330,77136786,16.3,16.45,16.15,16.2,-0.05,1217
94/07/15,9160610,151533422,16.4,16.7,16.3,16.5,+0.30,2182
94/07/19,5776156,93944914,16.65,16.65,16.1,16.2,-0.30,1282
94/07/20,3643917,58928814,16.2,16.35,16.05,16.05,-0.15,971
94/07/21,4262854,69051464,16.1,16.4,15.9,15.9,-0.15,989
94/07/22,4372136,67565988,15.85,15.95,15.2,15.2,-0.70,1163
94/07/25,2053804,31428946,15.3,15.5,15.2,15.3,+0.10,546
94/07/26,1367402,20741603,15.4,15.4,15.0,15.0,-0.30,498
94/07/27,1668876,24972839,15.0,15.15,14.8,14.85,-0.15,459
94/07/28,1874498,28216514,14.85,15.2,14.85,14.95,+0.10,609
94/07/29,3009093,45979582,15.1,15.45,15.1,15.2,+0.25,891
94/08/01,2060624,30918201,15.2,15.35,14.85,14.95,-0.25,572
94/08/02,2728386,40054603,14.9,15.0,14.45,14.55,-0.40,716
94/08/03,1647755,24225685,14.65,14.85,14.55,14.8,+0.25,470
94/08/04,7347209,115355586,15.8,15.8,15.35,15.8,+1.00,1454
94/08/08,3798682,59131774,15.7,15.7,15.4,15.55,-0.25,810
94/08/09,8813084,140304614,15.4,16.3,15.25,16.05,+0.50,2007
94/08/10,3619532,56683974,16.0,16.0,15.3,15.3,-0.75,936
94/08/11,1486350,22815800,15.5,15.55,15.1,15.2,-0.10,458
94/08/12,1704335,25899885,15.4,15.45,15.05,15.05,-0.15,526
94/08/15,1922573,28961561,15.05,15.2,15.0,15.0,-0.05,412
94/08/16,3737882,54194092,15.0,15.0,14.1,14.45,-0.55,957
94/08/17,2845061,40656944,14.35,14.6,14.2,14.25,-0.20,643
94/08/18,2134312,30768453,14.3,14.65,14.3,14.35,+0.10,557
94/08/19,959819,13699352,14.35,14.5,14.15,14.4,+0.05,297
94/08/22,943400,13565528,14.4,14.5,14.3,14.3,-0.10,230
94/08/23,4959526,73554746,14.8,15.05,14.6,14.6,+0.30,1110
94/08/24,2122378,30985956,14.7,14.75,14.3,14.55,-0.05,647
94/08/25,4035585,59903446,14.8,15.1,14.55,14.65,+0.10,1047
94/08/26,1781767,26299824,14.9,14.9,14.65,14.8,+0.15,468
94/08/29,1784670,26502679,14.95,15.0,14.65,14.65,-0.15,438
94/08/30,1805116,26380405,14.85,14.9,14.4,14.4,-0.25,458
94/08/31,2205516,32225752,14.7,14.85,14.35,14.5,+0.10,725
94/09/02,1825418,26712694,14.75,14.8,14.5,14.6,+0.10,482
94/09/05,1255954,18366423,14.75,14.75,14.5,14.55,-0.05,342
94/09/06,4358002,61603765,14.55,14.65,13.85,14.05,-0.50,1146
94/09/07,3029339,42047635,14.1,14.15,13.75,13.85,-0.20,777
94/09/08,2099261,29332422,13.85,14.15,13.8,13.8,-0.05,563
94/09/09,1389958,19233059,13.8,13.95,13.7,13.9,+0.10,449
94/09/12,3025000,41914350,14.0,14.1,13.75,13.8,-0.10,777
94/09/13,4843000,67485750,13.9,14.05,13.8,14.0,+0.20,930
94/09/14,4249000,54341200,12.8,12.95,12.6,12.65,X0.00,992
94/09/15,5992795,78952889,13.05,13.4,13.05,13.05,+0.40,1595
94/09/16,3326576,42954398,13.15,13.25,12.75,12.75,-0.30,747
94/09/19,3136113,40233046,12.85,13.0,12.7,12.7,-0.05,607
94/09/20,3602222,45977831,12.7,13.0,12.5,12.9,+0.20,839
94/09/21,2956427,37732181,12.9,12.9,12.65,12.9, 0.00,537
94/09/22,7614253,99731852,12.75,13.3,12.75,13.1,+0.20,1287
94/09/23,2321613,30031884,13.1,13.2,12.8,12.9,-0.20,378
94/09/26,1262479,16299344,13.0,13.05,12.8,12.8,-0.10,289
94/09/27,1577548,20274275,12.8,13.0,12.75,12.85,+0.05,288
94/09/28,1377850,17680886,12.9,13.0,12.7,12.85, 0.00,313
94/09/29,4024518,52695843,12.85,13.35,12.8,13.35,+0.50,894
94/09/30,6175730,83366947,13.65,13.75,13.3,13.35, 0.00,1281
94/10/03,1666168,22165736,13.4,13.45,13.2,13.3,-0.05,477
94/10/04,5357997,72335922,13.3,13.65,13.3,13.35,+0.05,1065
94/10/05,3240159,42747739,13.4,13.45,13.05,13.05,-0.30,799
94/10/06,3638665,46501370,12.9,12.95,12.7,12.7,-0.35,762
94/10/07,2811937,35539081,12.7,12.8,12.5,12.5,-0.20,677
94/10/11,3827049,45978570,12.4,12.45,11.8,11.9,-0.60,867
94/10/12,2701569,32252112,11.7,12.4,11.65,12.4,+0.50,737
94/10/13,12395095,160674548,12.8,13.2,12.8,12.95,+0.55,2926
94/10/14,2871014,36702664,12.95,13.0,12.7,12.7,-0.25,767
94/10/17,4014596,51144605,13.0,13.05,12.45,12.55,-0.15,966
94/10/18,2467066,31478377,12.9,12.9,12.6,12.7,+0.15,662
94/10/19,3234817,39325293,12.7,12.7,11.85,11.9,-0.80,792
94/10/20,2886820,35017156,12.1,12.3,11.9,12.15,+0.25,628
94/10/21,3488678,43646618,12.0,12.75,12.0,12.65,+0.50,924
94/10/24,2152844,27273723,12.8,12.9,12.4,12.4,-0.25,563
94/10/25,1886120,23651012,12.6,12.8,12.4,12.4, 0.00,437
94/10/26,2145540,26243210,12.4,12.45,12.0,12.05,-0.35,520
94/10/27,1481264,18096868,12.05,12.45,12.05,12.1,+0.05,461
94/10/28,1319296,15914738,12.1,12.3,11.9,12.15,+0.05,337
94/10/31,1517422,18868646,12.35,12.55,12.25,12.45,+0.30,485
94/11/01,1868581,23436970,12.65,12.7,12.3,12.35,-0.10,427
94/11/02,1712853,21218150,12.4,12.5,12.3,12.4,+0.05,391
94/11/03,4877797,61939638,12.6,12.9,12.4,12.7,+0.30,1095
94/11/04,7195589,97173328,13.3,13.55,13.3,13.55,+0.85,929
94/11/07,12015018,173589728,14.45,14.45,14.45,14.45,+0.90,2084
94/11/08,10708710,149127443,14.35,14.35,13.6,13.7,-0.75,2572
94/11/09,11441066,159554387,13.35,14.4,13.35,13.95,+0.25,2929
94/11/10,6732742,92613099,13.95,14.1,13.45,13.5,-0.45,1645
94/11/11,7476552,100859931,13.5,13.7,13.35,13.45,-0.05,1765
94/11/14,6757070,92406731,13.55,13.9,13.35,13.8,+0.35,1701
94/11/15,3369824,45415332,13.8,13.8,13.25,13.25,-0.55,1074
94/11/16,5958420,78531736,13.2,13.35,13.05,13.1,-0.15,1391
94/11/17,3659467,48326821,13.2,13.35,13.1,13.15,+0.05,1112
94/11/18,14786332,202070693,13.3,14.05,13.3,13.5,+0.35,3015
94/11/21,5999720,79959665,13.7,13.7,13.1,13.25,-0.25,1540
94/11/22,3951206,52339699,13.1,13.4,13.1,13.2,-0.05,1082
94/11/23,5685972,74356789,13.3,13.35,12.9,12.9,-0.30,1377
94/11/24,9103955,120073890,13.0,13.45,12.95,13.4,+0.50,2050
94/11/25,6427269,84871180,13.4,13.45,13.05,13.15,-0.25,1476
94/11/28,11301070,151985396,13.25,13.65,13.25,13.35,+0.20,2195
94/11/29,7668234,103648578,13.4,13.7,13.3,13.45,+0.10,1601
94/11/30,6312998,83773974,13.55,13.65,13.05,13.15,-0.30,1408
94/12/01,3329566,44103103,13.15,13.4,13.15,13.15, 0.00,895
94/12/02,10596794,143427975,13.4,13.8,13.25,13.4,+0.25,2171
94/12/05,17938829,249974363,13.5,14.2,13.5,14.15,+0.75,3440
94/12/06,6277225,87095577,14.15,14.15,13.7,13.75,-0.40,1485
94/12/07,5548271,76015771,13.75,13.9,13.6,13.6,-0.15,1089
94/12/08,3897519,53299401,13.6,13.9,13.5,13.55,-0.05,932
94/12/09,3315591,45185949,13.65,13.75,13.55,13.65,+0.10,726
94/12/12,9237237,128721954,13.8,14.1,13.65,13.9,+0.25,1923
94/12/13,5963653,82850241,13.9,14.1,13.65,13.65,-0.25,1259
94/12/14,16569655,234332003,13.7,14.5,13.7,14.0,+0.35,3155
94/12/15,5640837,78644788,14.05,14.15,13.8,13.9,-0.10,1180
94/12/16,8758053,123447726,14.1,14.3,13.85,13.85,-0.05,1737
94/12/19,5780583,80855444,13.9,14.15,13.85,13.95,+0.10,1165
94/12/20,6699517,95254488,14.0,14.35,14.0,14.1,+0.15,1508
94/12/21,12077657,174149465,14.15,14.65,14.1,14.35,+0.25,2516
94/12/22,21580322,319470054,14.35,15.2,14.25,14.8,+0.45,4324
94/12/23,7200773,106221723,14.8,14.9,14.6,14.65,-0.15,1702
94/12/26,8265022,123588702,14.8,15.2,14.7,14.75,+0.10,1940
94/12/27,7567927,112795228,14.85,15.2,14.65,14.65,-0.10,1697
94/12/28,6327600,92009417,14.65,14.9,14.35,14.35,-0.30,1331
94/12/29,7169205,104666382,14.55,14.85,14.45,14.5,+0.15,1484
94/12/30,5580188,80787621,14.75,14.75,14.3,14.35,-0.15,1146
95/01/02,6255011,87683736,14.2,14.45,13.8,13.9,-0.45,1388
95/01/03,5998796,85486537,14.0,14.45,14.0,14.3,+0.40,1366
95/01/04,9164833,133921743,14.5,14.8,14.35,14.4,+0.10,2013
95/01/05,13893905,208670977,14.7,15.4,14.6,15.4,+1.00,2726
95/01/06,9358168,153941799,16.45,16.45,16.45,16.45,+1.05,1410
95/01/09,8297989,146044568,17.6,17.6,17.6,17.6,+1.15,1055
95/01/10,22511797,387909990,18.25,18.25,16.5,17.2,-0.40,4649
95/01/11,15166320,262887893,17.25,17.8,16.9,17.1,-0.10,3021
95/01/12,28422075,494412871,17.5,18.0,16.6,16.8,-0.30,4924
95/01/13,32060485,564902581,16.95,17.95,16.95,17.9,+1.10,5835
95/01/16,9117167,160513917,17.9,17.9,17.2,17.6,-0.30,1861
95/01/17,27726688,516657508,17.8,18.8,17.8,18.8,+1.20,4712
95/01/18,25064323,466774116,18.6,19.1,17.8,18.65,-0.15,4937
95/01/19,17545642,314722879,18.8,18.9,17.35,17.4,-1.25,3786
95/01/20,12423088,208924878,17.5,17.8,16.3,16.3,-1.10,2702
95/01/23,7799793,119026600,15.2,15.75,15.2,15.2,-1.10,1627
95/01/24,7864346,124497436,15.45,16.25,15.35,16.0,+0.80,1967
95/01/25,5237644,82060757,16.2,16.2,15.3,15.65,-0.35,1216
95/02/03,5855731,95273820,16.6,16.6,15.85,16.25,+0.60,1385
95/02/06,3195309,51311698,15.9,16.3,15.85,16.3,+0.05,888
95/02/07,10079784,169742480,16.3,17.15,16.3,16.6,+0.30,2300
95/02/08,5180585,86032251,16.95,16.95,16.3,16.35,-0.25,1235
95/02/09,4217717,69692180,16.5,16.8,16.35,16.35, 0.00,1013
95/02/10,3123389,50747542,16.4,16.5,16.05,16.3,-0.05,768
95/02/13,4856768,81063566,16.45,16.95,16.4,16.55,+0.25,1324
95/02/14,3304896,55054470,16.55,16.8,16.55,16.6,+0.05,823
95/02/15,10089128,171671755,16.7,17.35,16.6,16.6, 0.00,2213
95/02/16,5449720,91942140,16.8,17.15,16.65,16.65,+0.05,1284
95/02/17,5832185,98268952,17.1,17.1,16.5,16.55,-0.10,1330
95/02/20,5530772,88360091,16.2,16.45,15.7,15.9,-0.65,1322
95/02/21,3176036,50489701,16.0,16.15,15.7,15.7,-0.20,1084
95/02/22,4822377,74870604,15.8,15.95,15.0,15.25,-0.45,1134
95/02/23,3983499,59628781,15.25,15.25,14.8,14.8,-0.45,924
95/02/24,2826785,42179925,14.5,15.15,14.5,15.15,+0.35,796
95/02/27,1943120,29265747,15.0,15.25,14.75,15.15, 0.00,547
95/03/01,3395650,52544556,15.15,15.65,15.1,15.65,+0.50,972
95/03/02,6610082,105969589,15.9,16.25,15.8,15.9,+0.25,1485
95/03/03,2930523,45755922,15.9,16.0,15.35,15.35,-0.55,696
95/03/06,2745899,42775477,15.35,15.9,15.35,15.5,+0.15,717
95/03/07,2878789,45073552,15.4,15.85,15.4,15.6,+0.10,789
95/03/08,2172807,33801323,15.55,15.75,15.4,15.5,-0.10,541
95/03/09,4629592,75822485,15.75,16.55,15.75,16.55,+1.05,850
95/03/10,14186556,236885866,16.75,17.0,16.4,16.6,+0.05,2757
95/03/13,13865185,236155675,16.9,17.35,16.65,17.3,+0.70,3047
95/03/14,17150400,299924054,17.3,17.85,16.9,17.55,+0.25,4054
95/03/15,28964271,521043828,17.65,18.3,17.6,18.0,+0.45,4771
95/03/16,18923184,324471825,18.0,18.0,16.75,16.75,-1.25,3923
95/03/17,9936697,165808797,16.25,17.0,16.25,16.8,+0.05,2096
95/03/20,5587262,92815836,16.8,17.0,16.3,16.3,-0.50,1383
95/03/21,5066078,82444574,16.45,16.55,15.8,15.85,-0.45,1246
95/03/22,5467949,87591832,15.8,16.25,15.8,15.9,+0.05,1244
95/03/23,5435420,86324123,16.0,16.1,15.55,15.6,-0.30,1133
95/03/24,2523572,39352725,15.65,15.75,15.4,15.45,-0.15,717
95/03/27,2163757,33792131,15.65,15.75,15.55,15.6,+0.15,553
95/03/28,8486972,141268366,16.65,16.65,16.45,16.65,+1.05,1309
95/03/29,14530912,244336427,16.9,17.0,16.6,16.65, 0.00,3342
95/03/30,9580049,162297554,16.75,17.2,16.65,16.65, 0.00,2216
95/03/31,5279193,88289748,16.85,16.85,16.6,16.65, 0.00,1308
95/04/03,6851690,116058363,16.95,17.15,16.7,16.75,+0.10,1692
95/04/04,6280728,106293033,17.0,17.1,16.75,16.85,+0.10,1228
95/04/06,11017852,190310980,17.1,17.55,16.9,17.3,+0.45,2432
95/04/07,3728075,63618861,17.3,17.3,17.0,17.05,-0.25,1027
95/04/10,4789813,82536653,17.05,17.35,17.0,17.15,+0.10,1131
95/04/11,3930353,67355693,17.2,17.3,17.0,17.3,+0.15,1087
95/04/12,30882998,558715587,17.3,18.5,17.3,18.2,+0.90,6186
95/04/13,12427551,222193132,18.2,18.25,17.6,17.6,-0.60,2458
95/04/14,19731310,361170042,17.85,18.75,17.6,18.4,+0.80,4159
95/04/17,22621996,429224647,18.95,19.3,18.65,18.8,+0.40,4765
95/04/18,11870562,222097109,18.8,18.95,18.3,18.65,-0.15,2419
95/04/19,9925852,197277813,19.25,19.95,19.25,19.95,+1.30,1564
95/04/20,34930165,724233956,21.0,21.0,20.3,20.45,+0.50,7021
95/04/21,16760702,335666821,20.5,20.6,19.55,19.6,-0.85,3953
95/04/24,12431420,248345304,19.5,20.3,19.5,19.8,+0.20,2841
95/04/25,14278293,283358377,20.0,20.45,19.2,19.5,-0.30,2915
95/04/26,16932585,341702197,20.2,20.45,19.75,20.05,+0.55,3858
95/04/27,11562879,226753814,20.2,20.2,19.15,19.25,-0.80,2808
95/04/28,6399825,124405254,19.5,19.75,19.0,19.7,+0.45,1766
95/05/02,8497234,164458829,19.7,19.85,18.95,19.3,-0.40,2049
95/05/03,8565761,156386308,19.15,19.2,17.95,17.95,-1.35,2116
95/05/04,12154167,220632463,17.6,18.6,17.6,18.25,+0.30,2970
95/05/05,9586043,175554255,18.3,18.6,18.1,18.25, 0.00,1867
95/05/08,10764901,200697664,18.4,18.9,18.25,18.7,+0.45,2268
95/05/09,5231863,96546203,18.8,18.8,18.25,18.25,-0.45,1287
95/05/10,6745256,120592298,18.3,18.55,17.5,17.65,-0.60,1535
95/05/11,7086621,129071548,17.8,18.5,17.8,18.3,+0.65,1819
95/05/12,2960024,53600232,18.15,18.3,18.0,18.1,-0.20,882
95/05/15,5618652,99867020,17.8,18.1,17.6,17.7,-0.40,1444
95/05/16,8157881,146917935,17.7,18.35,17.65,17.7, 0.00,2038
95/05/17,3296433,58903198,18.0,18.05,17.7,17.85,+0.15,877
95/05/18,2902042,51736556,17.5,18.05,17.5,18.05,+0.20,757
95/05/19,18055583,342773335,17.95,19.3,17.9,19.3,+1.25,3565
95/05/22,30241633,606260099,19.95,20.5,19.55,19.55,+0.25,6381
95/05/23,13933361,270503818,19.6,19.9,19.1,19.15,-0.40,3082
95/05/24,11346671,214369872,19.3,19.5,18.3,18.75,-0.40,2631
95/05/25,4544503,84862502,19.0,19.0,18.4,18.75, 0.00,1125
95/05/26,9296421,175930690,19.3,19.5,18.4,18.4,-0.35,2104
95/05/29,5996254,112060117,18.55,18.95,18.45,18.5,+0.10,1399
95/05/30,5212228,97444912,18.6,18.9,18.35,18.6,+0.10,1249
95/06/01,15812649,306852278,18.8,19.9,18.7,19.4,+0.80,4139
95/06/02,7003463,133765649,19.6,19.6,18.75,18.8,-0.60,2117
95/06/05,9312368,166196256,18.5,18.65,17.5,17.5,-1.30,2420
95/06/06,6341978,111353358,17.6,18.0,17.15,17.7,+0.20,1633
95/06/07,2966107,51860897,17.7,17.8,17.25,17.3,-0.40,851
95/06/08,5346487,87771640,17.3,17.4,16.1,16.1,-1.20,1361
95/06/09,5567040,87698140,16.1,16.3,15.15,16.15,+0.05,1472
95/06/12,2387918,37751545,15.6,16.15,15.6,15.9,-0.25,669
95/06/13,2433708,38644025,15.65,16.3,15.5,15.6,-0.30,743
95/06/14,2817246,44736606,15.8,16.0,15.75,16.0,+0.40,786
95/06/15,2612100,41524361,16.05,16.25,15.6,15.6,-0.40,715
95/06/16,4498325,72355531,16.0,16.35,15.9,15.95,+0.35,1069
95/06/19,1564960,24836211,16.0,16.1,15.7,15.95, 0.00,508
95/06/20,3777202,58046069,15.7,15.85,14.9,15.2,-0.75,744
95/06/21,3960922,60036180,15.6,15.6,14.85,15.0,-0.20,823
95/06/22,7329429,115594327,15.45,15.95,15.3,15.95,+0.95,1632
95/06/23,1562384,24431140,15.8,15.9,15.5,15.65,-0.30,496
95/06/26,2177133,34552554,15.8,16.0,15.6,15.95,+0.30,697
95/06/27,3053756,48683096,15.95,16.1,15.7,15.7,-0.25,898
95/06/28,2357419,36164902,15.35,15.55,15.15,15.4,-0.30,679
95/06/29,5154667,82736238,15.75,16.3,15.75,15.95,+0.55,1490
95/06/30,4489094,72142381,16.3,16.3,15.9,15.95, 0.00,1054
95/07/03,2123099,33568892,16.1,16.1,15.6,15.65,-0.30,560
95/07/04,4222053,67107129,15.8,16.1,15.7,15.85,+0.20,1004
95/07/05,9338272,150566144,15.75,16.35,15.65,16.0,+0.15,1982
95/07/06,12625713,209311500,16.3,16.9,16.2,16.7,+0.70,3074
95/07/07,4598265,76357154,16.7,16.9,16.25,16.25,-0.45,1378
95/07/10,1988481,32036192,16.05,16.25,16.0,16.15,-0.10,592
95/07/11,2511498,41019115,16.25,16.5,16.1,16.15, 0.00,800
95/07/12,3827874,62207334,16.25,16.45,16.0,16.05,-0.10,935
95/07/13,1824310,29093647,16.0,16.2,15.8,15.85,-0.20,545
95/07/14,5386349,83037420,15.65,15.7,15.3,15.35,-0.50,822
95/07/17,3271012,48351323,15.25,15.45,14.55,14.6,-0.75,864
95/07/18,1886916,27857347,14.6,14.9,14.6,14.85,+0.25,503
95/07/19,1837348,27461044,14.9,15.15,14.65,14.65,-0.20,571
95/07/20,2427351,36780415,15.1,15.3,14.9,15.15,+0.50,714
95/07/21,1311112,19630265,15.05,15.1,14.85,15.0,-0.15,396
95/07/24,1091391,16159807,14.9,14.9,14.7,14.7,-0.30,324
95/07/25,1411947,21039515,15.0,15.05,14.8,14.8,+0.10,387
95/07/26,963249,14359957,14.95,15.0,14.8,15.0,+0.20,319
95/07/27,3793000,58086745,15.0,15.5,15.0,15.5,+0.50,1041
95/07/28,1951740,29882147,15.5,15.5,15.2,15.25,-0.25,522
95/07/31,1488787,22696400,15.5,15.5,15.0,15.0,-0.25,438
95/08/01,1272460,19158351,15.05,15.2,15.0,15.05,+0.05,347
95/08/02,6778987,105324540,15.05,15.9,14.95,15.9,+0.85,1681
95/08/03,9405386,150727196,16.0,16.25,15.8,15.9, 0.00,2169
95/08/04,2341662,36926341,16.0,16.1,15.4,15.4,-0.50,715
95/08/07,2006399,30598535,15.4,15.4,15.1,15.15,-0.25,594
95/08/08,1813466,27712780,15.3,15.4,15.2,15.35,+0.20,523
95/08/09,1966638,30227396,15.4,15.5,15.2,15.35, 0.00,573
95/08/10,4261375,66505572,15.4,15.8,15.35,15.5,+0.15,1091
95/08/11,5852000,92353196,15.7,16.05,15.55,15.65,+0.15,1463
95/08/14,13430599,214903384,15.8,16.3,15.65,16.0,+0.35,2355
95/08/15,7785429,125413947,16.05,16.3,15.85,15.95,-0.05,1779
95/08/16,9649935,157512960,16.2,16.55,16.05,16.05,+0.10,2187
95/08/17,4241161,68156488,16.4,16.4,15.85,15.9,-0.15,1095
95/08/18,3369014,53056360,15.9,16.0,15.45,15.5,-0.40,922
95/08/21,4735145,70922341,15.5,15.65,14.55,14.55,-0.95,1268
95/08/22,1867485,27636024,14.6,14.95,14.6,14.95,+0.40,563
95/08/23,2098806,30779714,14.8,14.9,14.5,14.7,-0.25,584
95/08/24,1790691,26494506,14.7,14.9,14.65,14.8,+0.10,496
95/08/25,1544043,22777124,14.9,15.0,14.6,14.6,-0.20,415
95/08/28,2275683,32542612,14.6,14.65,14.05,14.1,-0.50,614
95/08/29,1186413,16864449,14.2,14.35,14.1,14.1, 0.00,398
95/08/30,3873032,56407007,14.25,14.75,14.25,14.55,+0.45,899
95/08/31,2745607,40251818,14.65,14.8,14.5,14.55, 0.00,748
95/09/01,2780528,39943817,14.5,14.6,14.25,14.25,-0.30,762
95/09/04,2929628,42608485,14.35,14.65,14.35,14.5,+0.25,818
95/09/05,2346011,34092356,14.5,14.7,14.35,14.45,-0.05,543
95/09/06,4295764,60756859,14.25,14.4,14.0,14.0,-0.45,1167
95/09/07,2466342,34129846,13.8,13.95,13.75,13.85,-0.15,684
95/09/08,4817316,66853974,13.75,14.15,13.7,13.95,+0.10,1107
95/09/11,3001563,41725886,13.9,14.05,13.75,13.75,-0.20,827
95/09/12,2606875,35638659,13.75,13.9,13.5,13.5,-0.25,696
95/09/13,5621273,75153511,13.8,13.8,13.2,13.25,-0.25,1258
95/09/14,4846835,61074525,12.8,12.9,12.05,12.05,X0.00,1081
95/09/15,2159008,26461396,12.05,12.4,12.05,12.4,+0.35,706
95/09/18,3069199,39148981,12.65,12.85,12.6,12.85,+0.45,836
95/09/19,2090234,26851522,12.9,12.95,12.7,12.95,+0.10,553
95/09/20,4961799,65317037,12.85,13.3,12.8,13.2,+0.25,1035
95/09/21,2475403,32471493,13.4,13.4,13.0,13.0,-0.20,526
95/09/22,1028135,13323005,13.0,13.05,12.85,13.0, 0.00,405
95/09/25,1861580,24579089,13.0,13.4,12.9,13.4,+0.40,576
95/09/26,7924190,107717455,13.4,13.7,13.3,13.3,-0.10,1398
95/09/27,2269109,30008317,13.4,13.5,13.1,13.1,-0.20,659
95/09/28,1348602,17607176,13.25,13.25,12.9,12.95,-0.15,472
95/09/29,5208629,69117835,13.0,13.45,12.95,13.15,+0.20,954
95/10/02,1308793,17237091,13.2,13.3,13.1,13.1,-0.05,444
95/10/03,1367768,17971554,13.25,13.3,13.05,13.1, 0.00,416
95/10/04,2510071,32825823,13.2,13.25,12.9,13.0,-0.10,706
95/10/05,1727033,22511218,13.1,13.2,12.9,12.9,-0.10,587
95/10/11,1445378,18736001,12.9,13.1,12.85,12.95,+0.05,408
95/10/12,1398567,18212754,13.0,13.1,12.95,12.95, 0.00,408
95/10/13,6130094,81511231,13.1,13.45,13.05,13.3,+0.35,1399
95/10/14,1973670,26097235,13.3,13.4,13.15,13.2,-0.10,600
95/10/16,5552131,74744732,13.2,13.6,13.2,13.3,+0.10,1205
95/10/17,2169169,28770624,13.4,13.4,13.2,13.2,-0.10,570
95/10/18,1730626,22895257,13.2,13.3,13.15,13.2, 0.00,432
95/10/19,2759692,36767277,13.2,13.45,13.2,13.2, 0.00,611
95/10/20,12032710,165540258,13.35,14.1,13.25,13.7,+0.50,2342
95/10/23,2531071,34394862,13.7,13.75,13.5,13.6,-0.10,737
95/10/24,3341285,45850344,13.7,13.9,13.6,13.6, 0.00,902
95/10/25,1650893,22375574,13.65,13.7,13.45,13.45,-0.15,601
95/10/26,1794211,24136460,13.45,13.6,13.35,13.35,-0.10,705
95/10/27,2598384,35252999,13.4,13.75,13.4,13.45,+0.10,765
95/10/30,1339834,17821312,13.4,13.4,13.25,13.3,-0.15,405
95/10/31,1093943,14572607,13.2,13.4,13.2,13.35,+0.05,353
95/11/01,2883254,39131910,13.45,13.7,13.4,13.45,+0.10,697
95/11/02,1347485,18130417,13.45,13.6,13.4,13.4,-0.05,448
95/11/03,3210376,43604879,13.5,13.7,13.45,13.5,+0.10,821
95/11/06,4236407,55625341,13.3,13.3,13.0,13.0,-0.50,1166
95/11/07,3488960,46083307,13.1,13.35,13.05,13.15,+0.15,790
95/11/08,2938734,38985305,13.25,13.4,13.15,13.15, 0.00,826
95/11/09,5800693,78068878,13.3,13.6,13.25,13.3,+0.15,1189
95/11/10,1444491,19165206,13.3,13.4,13.2,13.2,-0.10,460
95/11/13,1704820,22498105,13.2,13.3,13.15,13.15,-0.05,451
95/11/14,2923499,38993059,13.25,13.5,13.2,13.45,+0.30,806
95/11/15,9461654,129552116,13.45,13.9,13.45,13.75,+0.30,2046
95/11/16,14750506,207359666,13.8,14.4,13.65,14.15,+0.40,3398
95/11/17,5330526,74698133,14.15,14.25,13.85,13.85,-0.30,1285
95/11/20,4446838,62580232,14.0,14.3,13.8,14.05,+0.20,1175
95/11/21,7543874,107062983,14.15,14.4,14.0,14.2,+0.15,1767
95/11/22,9579194,138428078,14.3,14.7,14.15,14.4,+0.20,2140
95/11/23,8424475,120825450,14.55,14.7,14.05,14.1,-0.30,1829
95/11/24,7499507,107745616,14.1,14.5,14.1,14.5,+0.40,1583
95/11/27,8412706,123833187,14.75,14.95,14.5,14.5, 0.00,1708
95/11/28,3403350,48979684,14.4,14.55,14.25,14.4,-0.10,688
95/11/29,21001770,314258214,14.5,15.4,14.4,15.4,+1.00,3621
95/11/30,10227801,168247202,16.45,16.45,16.45,16.45,+1.05,1675
95/12/01,10360148,182338485,17.6,17.6,17.6,17.6,+1.15,1995
95/12/04,33748491,592635904,18.2,18.2,17.0,17.45,-0.15,6407
95/12/05,45089134,824661789,17.95,18.65,17.6,17.6,+0.15,7808
95/12/06,24640557,443497765,17.9,18.5,17.6,18.5,+0.90,5244
95/12/07,12932923,232527342,18.5,18.5,17.65,17.75,-0.75,2633
95/12/08,12224804,210603502,17.6,17.8,16.9,17.0,-0.75,2782
95/12/11,7467076,127944892,17.0,17.4,16.95,17.0, 0.00,1683
95/12/12,14502246,251408852,17.2,17.8,17.0,17.0, 0.00,3016
95/12/13,11009944,184871311,17.2,17.35,16.25,16.4,-0.60,2226
95/12/14,5136880,85658187,16.6,16.85,16.45,16.65,+0.25,1357
95/12/15,11032217,190596059,16.9,17.7,16.75,17.2,+0.55,2566
95/12/18,12433092,222018178,17.35,18.3,17.3,17.7,+0.50,2769
95/12/19,6599844,115537482,17.8,17.8,17.3,17.3,-0.40,1525
95/12/20,16785235,302869194,17.5,18.45,17.5,18.15,+0.85,3502
95/12/21,41094250,782668946,18.25,19.4,18.25,19.4,+1.25,7273
95/12/22,21184202,403205721,19.25,19.4,18.6,19.2,-0.20,4439
95/12/25,29711550,591523639,19.4,20.3,19.35,20.05,+0.85,6682
95/12/26,17301699,342005061,20.4,20.4,19.4,19.45,-0.60,4232
95/12/27,13548421,264257549,19.8,19.9,19.0,19.1,-0.35,3672
95/12/28,9483086,180864783,19.2,19.4,18.8,18.95,-0.15,2281
95/12/29,24063554,479525678,19.0,20.25,19.0,20.25,+1.30,5958
96/01/02,13417386,285827243,20.9,21.65,20.6,21.65,+1.40,3011
96/01/03,50556197,1118321208,23.05,23.05,20.8,21.4,-0.25,10404
96/01/04,18979086,400255893,21.0,21.6,20.5,21.05,-0.35,4295
96/01/05,24263250,526353528,21.3,22.35,20.8,21.95,+0.90,5993
96/01/08,23038144,515432088,22.4,23.2,21.15,21.15,-0.80,5689
96/01/09,28883331,642582342,21.2,22.6,21.2,22.6,+1.45,6157
96/01/10,46636344,1093735116,22.6,24.15,22.1,23.8,+1.20,9972
96/01/11,46018524,1117219940,24.05,25.3,23.35,23.8, 0.00,11176
96/01/12,9912433,251578944,25.25,25.45,24.65,25.45,+1.65,2252
96/01/15,52069703,1368362080,27.2,27.2,24.8,25.8,+0.35,11962
96/01/16,25555225,655008848,25.8,26.5,24.55,25.05,-0.75,6719
96/01/17,27762630,711094577,24.5,26.3,24.2,26.1,+1.05,7439
96/01/18,32641124,871599390,26.1,27.2,25.8,26.7,+0.60,8216
96/01/19,27411250,727889290,26.6,27.3,25.7,25.8,-0.90,7334
96/01/22,17707640,447667502,26.0,26.1,24.8,25.0,-0.80,4906
96/01/23,25336788,647091478,24.9,26.25,24.7,25.25,+0.25,6441
96/01/24,15877695,396567985,25.5,25.6,24.7,24.8,-0.45,4196
96/01/25,15263786,379164301,24.8,25.3,24.4,24.5,-0.30,4348
96/01/26,11778438,290443368,24.0,25.2,24.0,24.5, 0.00,3211
96/01/29,7391011,179479214,24.6,24.85,23.95,24.0,-0.50,2101
96/01/30,15496735,377794667,24.0,24.75,23.85,24.4,+0.40,4091
96/01/31,30203745,764955132,25.1,25.9,24.8,25.5,+1.10,8311
96/02/01,22364342,573442082,26.0,26.05,25.25,25.6,+0.10,5447
96/02/02,13795090,349252252,25.9,25.9,24.65,24.7,-0.90,3536
96/02/05,8614439,211623248,24.55,24.9,24.35,24.6,-0.10,2196
96/02/06,15209962,381587712,24.6,25.4,24.6,25.2,+0.60,3608
96/02/07,7718417,192984949,25.3,25.3,24.7,25.2, 0.00,2226
96/02/08,53742201,1429694776,25.3,26.95,25.2,26.95,+1.75,11050
96/02/09,53512790,1530477464,27.85,28.8,27.85,28.8,+1.85,8682
96/02/12,56212703,1676130148,29.0,30.8,28.55,30.4,+1.60,13439
96/02/13,35770002,1077246561,31.0,31.0,29.25,30.0,-0.40,8180
96/02/14,38411555,1210553412,30.0,32.1,30.0,32.1,+2.10,9276
96/02/26,33600539,1094518908,33.8,33.8,31.8,32.3,+0.20,8141
96/02/27,26414225,843199305,31.5,32.6,31.0,31.5,-0.80,6329
96/03/01,18188818,549297940,30.2,30.8,29.6,30.0,-1.50,4378
96/03/02,34403352,1084743648,30.0,32.1,29.85,32.1,+2.10,8815
96/03/03,21602157,669970629,32.0,32.25,29.9,30.5,-1.60,6049
96/03/05,21243966,641481751,30.0,31.2,28.5,29.1,-1.40,6080
96/03/06,15027744,437337090,29.2,29.7,28.3,29.1, 0.00,4305
96/03/07,29822125,918419711,29.65,31.1,29.5,31.1,+2.00,6926
96/03/08,24294345,757573734,31.0,31.7,30.8,31.1, 0.00,6890
96/03/09,38535466,1234555812,31.35,33.0,31.15,31.3,+0.20,10845
96/03/12,19816372,638267128,32.2,32.75,31.75,32.0,+0.70,5432
96/03/13,15470659,500867597,32.2,32.9,32.0,32.0, 0.00,4572
96/03/14,20024579,641565978,31.0,32.7,31.0,32.2,+0.20,5638
96/03/15,20315527,690355409,33.0,34.45,32.8,34.45,+2.25,4219
96/03/16,40345813,1424927984,35.25,36.2,34.5,35.2,+0.75,8773
96/03/19,36997825,1368459822,36.0,37.65,35.6,37.2,+2.00,8678
96/03/20,19179225,707793793,37.2,37.4,36.35,37.0,-0.20,4778
96/03/21,24397055,927039761,37.5,38.6,37.35,37.8,+0.80,6577
96/03/22,15051124,568062178,38.2,38.3,37.25,37.75,-0.05,4296
96/03/23,27677419,1080552798,37.75,39.8,37.75,39.6,+1.85,7919
96/03/26,16455330,647173283,39.8,40.1,38.9,38.95,-0.65,4717
96/03/27,29576767,1114496294,38.9,39.45,36.25,36.8,-2.15,8682
96/03/28,19072804,684385423,36.1,36.75,35.2,36.35,-0.45,5978
96/03/29,14800136,543549062,36.2,37.3,35.85,36.35, 0.00,5026
96/03/30,18792138,725633039,37.25,38.85,37.15,38.85,+2.50,3933
96/04/02,25963383,1044549410,39.6,41.55,38.15,38.5,-0.35,6923
96/04/03,12945697,491458193,37.0,39.6,37.0,39.6,+1.10,4267
96/04/04,6937770,264010163,39.6,39.6,37.5,37.6,-2.00,2403
96/04/09,12238166,432402460,37.3,37.3,35.0,35.0,-2.60,3644
96/04/10,11216752,389659329,34.5,36.55,33.2,36.55,+1.55,3511
96/04/11,20255608,748783110,36.5,37.6,36.1,36.55, 0.00,5774
96/04/12,7727541,281960646,36.55,36.95,36.2,36.2,-0.35,2618
96/04/13,10340058,367725986,36.5,36.6,34.5,34.75,-1.45,3521
96/04/14,11316175,399559060,34.75,35.95,34.75,35.5,+0.75,3701
96/04/16,7867901,272868203,35.6,35.9,33.8,33.8,-1.70,2882
96/04/17,13696827,467141167,34.1,34.9,33.3,34.5,+0.70,4143
96/04/18,23082640,829996826,34.55,36.7,34.55,36.25,+1.75,7001
96/04/19,11578591,418925332,36.5,36.9,35.7,35.7,-0.55,3305
96/04/20,18262035,674824944,36.3,37.5,35.9,36.4,+0.70,5740
96/04/23,8200536,298198481,36.8,37.05,35.9,36.2,-0.20,2735
96/04/24,6763353,242287284,36.3,36.5,35.1,35.3,-0.90,2325
96/04/25,9006996,324433486,35.7,36.6,35.5,35.8,+0.50,2738
96/04/26,5067024,181109333,36.2,36.4,35.35,35.4,-0.40,1703
96/04/27,23975457,881755644,35.6,37.25,35.3,36.7,+1.30,6761
96/04/30,17513724,648081602,37.0,37.5,36.25,37.0,+0.30,5203
96/05/02,25992852,985866573,37.4,38.5,37.2,37.2,+0.20,7213
96/05/03,13878549,510822030,37.9,37.9,35.85,36.5,-0.70,3838
96/05/04,32606353,1250871218,37.3,39.05,37.05,39.05,+2.55,7952
96/05/07,43581330,1794629752,40.15,41.75,39.8,41.75,+2.70,7988
96/05/08,46791098,2013344262,42.5,44.2,42.0,43.65,+1.90,12574
96/05/09,20032382,854699186,43.1,43.5,41.9,42.4,-1.25,5848
96/05/10,21698894,938179192,42.65,43.75,42.6,43.2,+0.80,6850
96/05/11,33415981,1481430943,42.8,45.0,42.8,45.0,+1.80,9903
96/05/14,17448355,779440170,45.5,45.9,43.5,44.2,-0.80,5095
96/05/15,17037220,758434736,44.2,45.2,43.7,44.1,-0.10,5542
96/05/16,10496362,457831839,44.35,44.4,43.0,43.7,-0.40,3316
96/05/17,32601363,1491094906,44.3,46.75,43.95,46.75,+3.05,9704
96/05/18,27736212,1303061947,46.95,47.7,46.1,47.1,+0.35,8641
96/05/21,16455583,769407318,47.5,47.5,45.8,46.5,-0.60,5010
96/05/22,28101018,1335450556,46.8,48.5,46.45,46.8,+0.30,9314
96/05/23,15599380,729695672,46.8,47.4,45.9,47.2,+0.40,4783
96/05/24,21951291,1035735019,47.2,48.3,46.3,46.6,-0.60,6859
96/05/25,12821728,598189256,46.2,47.15,46.1,46.5,-0.10,4333
96/05/28,15114098,697340476,47.0,47.35,45.0,45.0,-1.50,5174
96/05/29,14225346,643387436,45.3,45.7,44.75,45.0, 0.00,4765
96/05/30,17257514,796878329,45.0,47.1,44.8,47.1,+2.10,6103
96/05/31,44603984,2177268453,47.5,50.2,47.2,49.5,+2.40,12249
96/06/01,33830841,1756625679,50.7,52.8,50.7,51.6,+2.10,9614
96/06/04,26406821,1385275622,51.8,53.6,51.1,53.4,+1.80,8822
96/06/05,19509878,1045809834,53.7,54.4,52.3,53.4, 0.00,7482
96/06/06,35702593,1960162535,53.9,56.5,53.4,55.0,+1.60,12025
96/06/07,27491682,1550162079,55.5,57.6,55.5,57.6,+2.60,9299
96/06/08,37959722,2261636588,57.5,61.6,57.0,61.6,+4.00,12475
96/06/11,45258570,2844431123,62.1,64.9,61.2,62.0,+0.40,15613
96/06/12,22983355,1392846774,62.6,62.6,59.4,59.7,-2.30,8054
96/06/13,20734574,1246522360,59.6,61.3,58.6,59.0,-0.70,7527
96/06/14,24838316,1461546633,59.0,60.5,57.0,58.0,-1.00,8387
96/06/15,21181205,1251550209,58.6,60.3,57.3,59.3,+1.30,7862
96/06/20,12184691,708585087,60.2,60.2,56.9,57.0,-2.30,4720
96/06/21,29281974,1743753923,57.0,60.9,57.0,60.9,+3.90,9415
96/06/22,25381430,1625630106,62.5,65.1,62.0,65.1,+4.20,7773
96/06/23,36351575,2487723342,66.9,69.6,66.9,69.6,+4.50,11991
96/06/25,25211305,1728306677,70.7,71.0,66.8,68.1,-1.50,8554
96/06/26,31456361,2161067779,68.0,69.9,67.5,68.5,+0.40,10781
96/06/27,17340157,1189392179,68.5,69.8,67.5,67.5,-1.00,6069
96/06/28,26006146,1698591144,68.4,68.4,63.6,64.0,-3.50,9543
96/06/29,19405668,1273519763,64.5,66.6,64.3,64.8,+0.80,7293
96/07/02,16333696,1082299028,65.3,68.0,64.8,68.0,+3.20,5487
96/07/03,30755066,2152444589,69.4,71.0,69.0,69.0,+1.00,10095
96/07/04,21191119,1448880173,69.8,69.9,66.9,67.0,-2.00,7154
96/07/05,25935986,1767601116,68.3,69.4,66.9,68.5,+1.50,8275
96/07/06,21809525,1490015382,68.5,68.9,67.5,68.5, 0.00,6162
96/07/09,26337364,1809570288,68.7,69.4,67.0,67.0,-1.50,8057
96/07/10,32826704,2203798676,67.2,69.9,64.6,69.0,+2.00,11964
96/07/11,42739449,2951712634,69.0,70.8,66.0,66.0,-3.00,13743
96/07/12,17844926,1190294576,66.7,67.5,65.5,66.3,+0.30,5755
96/07/13,27573103,1870449351,67.8,69.0,66.3,67.1,+0.80,8200
96/07/16,12640494,823847451,67.2,67.5,62.5,63.0,-4.10,4828
96/07/17,10325886,661236147,63.0,65.3,62.0,64.3,+1.30,3297
96/07/18,17577583,1173482407,65.0,68.1,64.3,67.8,+3.50,5501
96/07/19,31242795,2152471165,69.1,70.8,66.8,67.0,X0.00,9972
96/07/20,24450486,1685955801,68.0,69.8,67.8,68.6,+1.60,7509
96/07/23,18781431,1359449184,70.6,73.4,70.6,73.4,+4.80,5111
96/07/24,51653975,4035590191,78.5,78.5,76.5,78.5,+5.10,13366
96/07/25,22989149,1899239046,80.1,83.9,80.1,83.9,+5.40,5102
96/07/26,34036561,3051217161,89.7,89.7,89.0,89.7,+5.80,7283
96/07/27,54448698,5054461442,89.4,95.9,88.8,95.9,+6.20,17788
96/07/30,22968732,2097021582,96.8,97.6,89.2,89.2,-6.70,7803
96/07/31,39097225,3429869066,86.5,91.3,83.1,84.5,-4.70,14499
96/08/01,35755910,3088660040,82.5,89.8,82.5,84.5, 0.00,13484
96/08/02,35324617,2926675911,88.3,88.5,78.6,83.0,-1.50,12275
96/08/03,19502387,1581883194,83.6,84.1,77.2,77.8,-5.20,8277
96/08/06,16432503,1214519622,75.0,75.7,72.5,74.8,-3.00,5731
96/08/07,15999058,1209352534,75.8,77.5,73.0,73.0,-1.80,6643
96/08/08,22263370,1702118986,74.0,78.1,73.6,78.1,+5.10,7726
96/08/09,32542028,2635202340,79.2,83.0,79.2,80.0,+1.90,11946
96/08/10,14661642,1136367076,75.2,79.6,75.1,77.2,-2.80,5660
96/08/13,23431607,1865848696,78.3,81.2,77.2,78.5,+1.30,8974
96/08/14,12723921,981501706,78.5,80.2,74.5,75.8,-2.70,5248
96/08/15,12792133,912868873,73.1,74.3,70.5,70.5,-5.30,4902
96/08/16,2433082,159610176,65.6,65.6,65.6,65.6,-4.90,909
96/08/17,23998395,1473555434,61.1,64.0,61.1,61.1,-4.50,6740
96/08/20,37371248,2407625782,65.3,65.3,62.6,65.3,+4.20,12928
96/08/21,18986246,1209048647,65.3,66.8,60.8,60.8,-4.50,7370
96/08/22,3700696,209680990,56.6,57.0,56.6,56.6,-4.20,1535
96/08/23,22636248,1341249494,58.0,60.5,57.6,60.5,+3.90,6425
96/08/24,26435480,1638037559,59.9,63.9,59.6,61.4,+0.90,10266
96/08/27,18752481,1113840408,62.9,62.9,57.2,57.3,-4.10,7689
96/08/28,29272544,1676965371,54.5,59.9,54.0,59.9,+2.60,11736
96/08/29,19124141,1124476260,57.0,60.0,57.0,60.0,+0.10,6824
96/08/30,23684220,1444255224,62.0,62.6,59.0,60.6,+0.60,8848
96/08/31,20325794,1263413032,62.0,63.0,61.3,61.9,+1.30,7868
96/09/03,9512446,582146710,62.0,62.5,60.0,60.0,-1.90,3911
96/09/04,23674934,1446058094,61.0,62.5,59.8,60.6,+0.60,7913
96/09/05,35240765,2207495128,60.7,64.5,60.0,62.8,+2.20,12830
96/09/06,24517194,1615389003,64.4,67.1,64.0,67.1,+4.30,7893
96/09/07,44621717,3153656599,69.9,71.7,69.2,69.9,+2.80,14478
96/09/10,19564984,1374333642,68.2,71.6,67.8,71.4,+1.50,8379
96/09/11,33012507,2460374132,71.9,76.3,71.9,76.0,+4.60,12221
96/09/12,26657546,2028288822,77.0,78.0,73.5,73.5,-2.50,11058
96/09/13,24724371,1864666729,74.7,76.5,74.2,74.5,+1.00,9935
96/09/14,27817068,2162851250,76.5,78.8,76.2,77.4,+2.90,11353
96/09/17,23217001,1767799162,78.4,78.5,73.0,75.7,-1.70,9611
96/09/19,23555668,1702450388,77.2,77.2,70.5,70.5,-5.20,9244
96/09/20,22532740,1553752586,69.5,71.1,66.2,68.5,-2.00,9033
96/09/21,34893130,2485976604,69.2,73.2,68.6,73.2,+4.70,13662
96/09/26,18265231,1335448188,73.7,73.9,72.2,72.6,-0.60,7562
96/09/27,29598657,2217918997,73.0,76.2,72.8,74.6,+2.00,11049
96/09/28,16177204,1200604095,74.9,75.8,73.1,73.6,-1.00,6984
96/09/29,15978094,1199011963,74.0,76.3,73.8,74.1,+0.50,6907
96/10/01,13667274,1003132957,75.5,75.8,72.0,72.5,-1.60,6150
96/10/02,20787131,1545104146,73.9,75.6,72.6,74.5,+2.00,8949
96/10/03,13517562,996654069,74.6,75.5,72.0,72.8,-1.70,6044
96/10/04,21498932,1605328257,72.8,75.7,72.6,73.8,+1.00,8599
96/10/05,9884508,727831184,75.0,75.0,72.8,73.0,-0.80,4293
96/10/08,18066790,1241109126,73.0,73.4,67.9,67.9,-5.10,8320
96/10/09,16583226,1086615014,64.0,67.9,63.8,67.6,-0.30,7807
96/10/11,7280063,488740022,67.6,68.3,66.0,66.0,-1.60,3781
96/10/12,9133536,608402276,65.7,67.6,65.6,66.0, 0.00,4533
96/10/15,16041967,1075953788,67.0,68.4,66.0,66.8,+0.80,6857
96/10/16,15157911,1035472596,66.7,69.0,66.6,68.5,+1.70,6924
96/10/17,13882044,955493589,68.5,69.5,68.0,68.1,-0.40,5598
96/10/18,22457218,1597982550,69.2,72.8,69.2,72.8,+4.70,9196
96/10/19,23235970,1699096821,72.8,74.1,71.9,72.3,-0.50,8279
96/10/22,9120918,641992960,70.0,71.5,69.4,70.0,-2.30,4158
96/10/23,32467903,2417977216,71.8,74.9,71.5,74.9,+4.90,10048
96/10/24,20892513,1561939234,75.4,76.4,72.5,72.8,-2.10,8545
96/10/25,17693800,1302281055,75.3,75.4,72.1,72.6,-0.20,7319
96/10/26,15617062,1113231796,73.1,73.6,69.4,71.3,-1.30,6932
96/10/29,8480007,598479984,71.8,72.1,69.8,70.1,-1.20,3971
96/10/30,13620082,966723038,70.3,72.4,69.9,70.1, 0.00,6346
96/10/31,7952550,553938106,71.0,71.0,68.6,69.0,-1.10,3506
96/11/01,9267259,645214471,69.9,70.9,68.6,69.0, 0.00,4327
96/11/02,14253083,928248139,68.0,68.5,64.2,64.2,-4.80,6114
96/11/05,13938778,843298075,63.0,64.2,59.8,61.8,-2.40,5347
96/11/06,19890861,1188521417,61.7,62.7,57.5,58.8,-3.00,8571
96/11/07,12757948,740320088,58.8,59.5,56.0,57.0,-1.80,6117
96/11/08,8577015,455877092,53.1,53.8,53.1,53.1,-3.90,3207
96/11/09,24249559,1305059886,54.1,55.5,51.8,54.0,+0.90,10183
96/11/12,27416064,1508876263,50.6,57.0,50.6,55.6,+1.60,11527
96/11/13,26721028,1547258752,57.0,59.2,56.1,58.7,+3.10,10404
96/11/14,25895825,1604355050,62.0,62.8,60.7,62.0,+3.30,9794
96/11/15,13465960,830318213,60.8,62.4,60.8,62.0, 0.00,5831
96/11/16,29843794,1876162297,60.2,64.6,60.2,63.1,+1.10,12185
96/11/19,15655199,980166835,63.3,64.2,60.5,60.5,-2.60,6721
96/11/20,28093844,1730061477,58.6,63.7,58.6,63.5,+3.00,11704
96/11/21,17831894,1122520377,63.5,64.0,61.5,61.5,-2.00,7034
96/11/22,23922091,1514093183,62.0,64.5,62.0,62.3,+0.80,9404
96/11/23,27268999,1726878730,63.9,64.8,61.5,61.8,-0.50,11045
96/11/26,21159322,1281849281,63.4,63.4,59.0,60.2,-1.60,8342
96/11/27,31400476,1931728874,59.3,63.8,59.0,63.4,+3.20,12860
96/11/28,29595441,1886817972,64.3,65.0,60.8,60.8,-2.60,11832
96/11/29,21171673,1340223258,63.5,64.7,61.5,62.8,+2.00,8483
96/11/30,19461814,1243236875,63.5,64.7,62.6,64.0,+1.20,7676
96/12/03,24384240,1600132987,64.6,66.5,64.1,65.8,+1.80,9446
96/12/04,39679739,2721107515,66.4,70.4,66.0,70.4,+4.60,14616
96/12/05,25299020,1773097988,70.0,70.9,69.2,69.8,-0.60,10155
96/12/06,38736020,2650435623,71.0,71.3,66.1,66.3,-3.50,14966
96/12/07,21175848,1408192720,66.3,67.5,65.2,66.2,-0.10,8698
96/12/10,16745937,1118356017,66.0,67.8,65.8,66.3,+0.10,7193
96/12/11,24780262,1588045999,67.0,67.3,62.5,64.2,-2.10,9624
96/12/12,15657565,1010337935,63.9,65.2,63.3,64.5,+0.30,6832
96/12/13,27525780,1693411900,64.8,64.9,60.0,60.0,-4.50,11008
96/12/14,31792060,1836719452,60.0,60.5,55.8,56.1,-3.90,11729
96/12/17,24575880,1329184646,55.0,56.6,52.2,52.2,-3.90,9258
96/12/18,35650058,1885762621,51.1,55.8,49.3,54.8,+2.60,14185
96/12/19,22092520,1247501292,54.8,57.4,54.8,56.0,+1.20,9464
96/12/20,27834647,1527246936,57.0,57.5,52.1,52.1,-3.90,12082
96/12/21,42274161,2274725662,52.8,55.7,52.1,55.7,+3.60,15239
96/12/24,20209939,1191139777,57.9,59.5,57.9,59.3,+3.60,7555
96/12/25,19332920,1138663052,59.0,59.7,58.0,59.3, 0.00,8505
96/12/26,18881542,1106469226,58.0,60.2,57.3,60.2,+0.90,7933
96/12/27,29955772,1860430146,60.0,63.5,60.0,60.0,-0.20,12590
96/12/28,34967942,2173354758,60.6,64.1,60.6,62.7,+2.70,14365
96/12/31,20570170,1312239024,64.0,64.7,63.0,63.6,+0.90,8283
97/01/02,39944194,2562924364,63.6,65.9,62.0,62.0,-1.60,15447
97/01/03,28024310,1746432503,61.2,63.1,61.2,62.6,+0.60,11367
97/01/04,31681957,1927048820,62.2,63.0,59.5,59.7,-2.90,13387
97/01/07,19076865,1069731564,56.5,58.0,55.6,55.6,-4.10,7238
97/01/08,28899991,1556349117,55.0,56.0,52.2,53.0,-2.60,11540
97/01/09,37585478,2058178899,51.0,56.7,51.0,56.7,+3.70,13888
97/01/10,31937947,1835394407,57.2,59.0,55.2,55.7,-1.00,12413
97/01/11,22950495,1311256004,57.6,57.9,55.9,57.7,+2.00,9268
97/01/14,25169592,1406885563,56.2,58.0,54.4,54.4,-3.30,10317
97/01/15,29158222,1601439316,55.0,56.7,52.9,53.6,-0.80,11760
97/01/16,32556340,1760068026,51.6,56.4,51.6,54.2,+0.60,13581
97/01/17,25062272,1399479965,56.4,57.2,54.4,55.4,+1.20,10645
97/01/18,29724400,1681728480,55.4,58.5,54.4,58.2,+2.80,12269
97/01/21,27077668,1576774940,58.2,59.3,57.0,57.7,-0.50,10779
97/01/22,14202032,768810516,53.7,55.4,53.7,53.7,-4.00,5752
97/01/23,33089744,1711354409,55.1,55.1,49.95,49.95,-3.75,12649
97/01/24,48150719,2434437338,53.0,53.0,48.45,49.5,-0.45,18639
97/01/25,26567787,1371695743,50.0,52.8,50.0,51.9,+2.40,10587
97/01/28,28822812,1423961817,51.5,52.3,48.3,48.3,-3.60,10798
97/01/29,38599760,1792854998,48.0,48.8,44.95,44.95,-3.35,13941
97/01/30,31895382,1420860596,44.8,45.8,43.1,44.2,-0.75,12988
97/01/31,19339308,814480965,44.0,44.0,41.15,41.15,-3.05,7459
97/02/01,52827020,2076078418,40.95,41.5,38.3,38.5,-2.65,18418
97/02/12,13567589,495202058,37.5,38.0,35.85,35.85,-2.65,4818
97/02/13,51342967,1810677878,34.7,37.0,33.4,33.4,-2.45,18076
97/02/14,4570564,163169132,35.7,35.7,35.7,35.7,+2.30,1542
97/02/15,37244137,1389753074,36.4,38.15,36.15,38.15,+2.45,14002
97/02/18,29705188,1164516020,39.0,39.9,38.6,39.0,+0.85,11364
97/02/19,28631147,1113421877,39.5,40.5,37.55,40.5,+1.50,12217
97/02/20,29575490,1182505130,39.2,40.8,39.1,39.1,-1.40,12180
97/02/21,15544401,641455461,40.0,41.8,39.6,41.8,+2.70,5647
97/02/22,50870300,2208369909,42.6,44.7,42.4,44.7,+2.90,16627
97/02/25,37318428,1712239698,46.4,46.9,45.0,45.1,+0.40,12740
97/02/26,23170788,1055378978,45.9,46.3,44.3,44.6,-0.50,9206
97/02/27,32465661,1507373856,45.5,47.5,45.1,46.0,+1.40,12194
97/02/29,19142399,889468525,46.0,46.8,46.0,46.7,+0.70,7246
97/03/03,15551550,691489944,45.0,46.0,43.65,44.0,-2.70,6558
97/03/04,18704810,857076574,44.0,46.35,44.0,46.0,+2.00,7476
97/03/05,25940436,1203627473,46.6,47.5,45.2,45.25,-0.75,9969
97/03/06,33223258,1574088233,46.6,48.4,45.8,48.4,+3.15,11998
97/03/07,38626134,1888715579,48.0,50.0,47.55,48.75,+0.35,14492
97/03/10,23548172,1146177229,49.0,49.9,46.6,46.6,-2.15,9290
97/03/11,20661432,973123686,45.8,48.0,45.8,48.0,+1.40,8221
97/03/12,37510140,1877017466,50.5,51.0,49.5,49.6,+1.60,13449
97/03/13,31054415,1527902638,50.0,50.9,46.6,47.2,-2.40,12192
97/03/14,22418813,1075053444,48.9,48.95,46.9,47.85,+0.65,9593
97/03/17,19928356,922448075,47.05,47.4,45.5,46.4,-1.45,7977
97/03/18,17724845,834159856,47.0,47.85,46.05,47.3,+0.90,7199
97/03/19,15621600,753244539,48.3,48.9,47.2,47.3, 0.00,6423
97/03/20,13012585,618457919,47.3,48.5,46.55,48.5,+1.20,5244
97/03/21,27190483,1379975333,50.0,51.4,49.6,51.0,+2.50,11086
97/03/24,21891622,1159488953,54.5,54.5,51.8,52.5,+1.50,8800
97/03/25,26739823,1449594314,53.8,54.9,53.1,54.0,+1.50,11128
97/03/26,37218943,2061487094,55.0,56.5,54.0,56.1,+2.10,13623
97/03/27,32987753,1841196362,56.5,57.3,53.5,53.5,-2.60,12310
97/03/28,31171606,1716163854,54.2,56.2,53.4,56.2,+2.70,11186
97/03/31,19527654,1094199804,56.0,57.0,55.0,55.1,-1.10,7608
97/04/01,18895913,1047518816,56.1,56.5,53.5,53.7,-1.40,7278
97/04/02,16950262,941337008,55.1,56.2,54.6,55.4,+1.70,6512
97/04/03,12308127,691156173,55.1,56.8,55.0,56.5,+1.10,5064
97/04/07,11376898,639373436,57.0,57.3,55.4,56.5, 0.00,4393
97/04/08,8995847,492058507,55.9,56.3,53.5,54.1,-2.40,4078
97/04/09,10756053,577150462,54.2,54.7,52.6,54.0,-0.10,4837
97/04/10,13090915,729659972,54.0,56.7,53.7,56.7,+2.70,5819
97/04/11,27731373,1576930495,57.2,58.0,55.2,55.5,-1.20,10640
97/04/14,20030615,1115256429,54.6,56.8,54.4,56.8,+1.30,8240
97/04/15,37705370,2220447130,57.3,60.1,56.8,59.0,+2.20,14411
97/04/16,21898276,1285954409,59.9,60.4,57.5,58.4,-0.60,8189
97/04/17,19217016,1127374316,59.6,60.0,57.6,57.7,-0.70,7481
97/04/18,12834383,732716772,57.7,58.2,56.4,56.5,-1.20,5310
97/04/21,13655319,788353673,57.2,58.4,57.1,57.3,+0.80,5071
97/04/22,16332921,949675118,57.7,58.9,57.1,58.0,+0.70,6629
97/04/23,34049405,2023177248,58.5,60.9,57.5,58.9,+0.90,13330
97/04/24,29803645,1706210602,58.5,58.5,56.6,56.6,-2.30,11929
97/04/25,18401888,1047384700,57.0,57.6,56.0,57.1,+0.50,7694
97/04/28,11121260,629907643,57.7,57.7,55.8,57.0,-0.10,4448
97/04/29,16660236,963105722,57.0,58.5,57.0,57.2,+0.20,7120
97/04/30,15272353,884562295,58.0,58.5,57.3,57.4,+0.20,6003
97/05/02,42608834,2577409523,61.0,61.4,59.1,61.4,+4.00,15441
97/05/05,52977471,3332962102,61.3,64.8,60.9,63.3,+1.90,18538
97/05/06,33322179,2115189177,63.3,64.8,62.2,63.0,-0.30,13083
97/05/07,57402488,3564638218,63.5,64.5,59.8,60.1,-2.90,21071
97/05/08,24372613,1471083334,59.6,61.9,59.0,61.9,+1.80,10401
97/05/09,21232228,1289854050,61.9,62.2,59.5,59.9,-2.00,8068
97/05/12,13028867,778752835,59.9,60.6,58.6,60.6,+0.70,5402
97/05/13,14447016,881620062,60.7,61.9,60.5,60.5,-0.10,6280
97/05/14,20704155,1277073555,60.7,62.4,60.7,61.0,+0.50,7647
97/05/15,12326075,755306778,62.0,62.0,60.8,61.1,+0.10,5272
97/05/16,19025628,1187677237,62.0,63.2,61.5,61.7,+0.60,7742
97/05/19,8703882,539509684,62.7,62.7,61.5,62.0,+0.30,3554
97/05/20,11966836,740063854,62.0,62.9,60.5,60.5,-1.50,5134
97/05/21,16760845,1031578077,60.5,62.3,60.5,61.3,+0.80,5746
97/05/22,15069802,930972516,61.3,62.5,60.6,61.5,+0.20,6199
97/05/23,32038246,1960008714,62.4,63.3,58.9,58.9,-2.60,11876
97/05/26,19141587,1083412585,59.1,59.5,54.8,54.8,-4.10,7812
97/05/27,16652926,918282682,55.0,57.0,53.6,57.0,+2.20,7152
97/05/28,15198211,846487860,56.9,56.9,54.0,54.6,-2.40,6508
97/05/29,18337469,1019385871,55.2,56.4,54.6,55.6,+1.00,7499
97/05/30,17052000,931016900,56.2,56.3,53.5,54.5,-1.10,6890
97/06/02,13005950,707793260,55.0,55.5,53.2,54.7,+0.20,5416
97/06/03,16930174,931185803,54.4,55.5,54.1,55.1,+0.40,6520
97/06/04,22059578,1253767656,56.1,57.4,56.0,57.2,+2.10,8478
97/06/05,15063565,859317163,57.2,57.6,56.3,57.4,+0.20,6311
97/06/06,16502971,948781662,57.7,58.7,56.4,56.4,-1.00,6817
97/06/09,8812836,480293231,54.1,54.8,54.1,54.5,-1.90,3766
97/06/10,15487562,837376246,54.6,55.6,52.0,52.0,-2.50,6550
97/06/11,25482376,1273732934,52.0,52.5,49.0,49.05,-2.95,9946
97/06/12,18930516,875700586,47.05,47.5,45.65,45.65,-3.40,6289
97/06/13,36236690,1580168314,45.1,45.6,42.5,43.2,-2.45,12285
97/06/16,28093765,1188955991,44.0,44.1,40.5,40.75,-2.45,10642
97/06/17,37262419,1546589129,41.0,42.8,40.7,42.8,+2.05,13200
97/06/18,30019300,1281586350,42.5,43.5,41.7,42.95,+0.15,11032
97/06/19,15810153,661136196,41.6,42.5,41.45,41.5,-1.45,5856
97/06/20,25161132,1069537726,41.95,43.45,41.6,42.5,+1.00,9743
97/06/23,15555460,650513698,41.9,42.4,41.0,42.4,-0.10,5810
97/06/24,22823212,943589370,42.4,43.25,39.45,39.45,-2.95,8802
97/06/25,31546202,1220397531,39.0,40.8,37.25,40.1,+0.65,11077
97/06/26,17905709,731258110,40.6,41.8,39.75,40.0,-0.10,7155
97/06/27,4982543,185350597,37.2,37.2,37.2,37.2,-2.80,1801
97/06/30,23560787,841252345,36.1,36.9,34.6,34.6,-2.60,8013
97/07/01,34685200,1204797335,34.8,35.8,33.65,34.6, 0.00,12176
97/07/02,24493807,884835320,35.8,36.95,35.3,36.4,+1.80,8773
97/07/03,25069500,927277700,35.4,38.9,34.8,38.9,+2.50,9089
97/07/04,29622308,1158134749,39.6,40.15,37.4,37.4,-1.50,10559
97/07/07,19369124,751349910,37.4,40.0,37.4,40.0,+2.60,6968
97/07/08,25148701,983308397,40.0,40.4,37.2,37.6,-2.40,10005
97/07/09,17051058,670645512,39.4,40.1,38.3,38.8,+1.20,6674
97/07/10,9911188,388513497,39.0,40.05,38.3,38.9,+0.10,4034
97/07/11,10665674,413902060,38.8,39.5,38.1,39.4,+0.50,4392
97/07/14,5672726,219322388,38.8,39.3,38.2,38.4,-1.00,2437
97/07/15,7598550,276611951,37.8,38.0,35.75,35.75,-2.65,2995
97/07/16,9568215,342873329,35.9,36.75,34.5,35.3,-0.45,3030
97/07/17,11522121,416600390,36.0,36.7,35.7,36.7,X0.00,3939
97/07/18,23641193,889847849,37.5,38.6,36.2,37.0,+0.30,9728
97/07/21,8579171,337116211,38.9,39.55,38.2,39.55,+2.55,3123
97/07/22,34721297,1400551607,39.55,41.1,39.5,40.6,+1.05,12367
97/07/23,29079197,1198418709,42.1,42.2,40.6,41.4,+0.80,10253
97/07/24,19267933,801069676,41.8,42.0,41.0,41.7,+0.30,7391
97/07/25,13128074,538396144,40.6,42.3,39.95,42.3,+0.60,5265
97/07/29,8090979,334613127,41.1,42.1,40.55,41.7,-0.60,3591
97/07/30,17266550,723894511,42.5,42.95,40.6,40.75,-0.95,6746
97/07/31,14693330,584086286,41.1,41.5,38.05,38.1,-2.65,6102
97/08/01,7211047,267726796,37.2,38.1,35.8,38.0,-0.10,3222
97/08/04,8404632,320999316,37.6,39.0,37.5,37.7,-0.30,3782
97/08/05,11578389,426188504,38.4,38.4,35.65,36.0,-1.70,4388
97/08/06,15871918,603352842,37.5,38.5,37.1,38.5,+2.50,5985
97/08/07,14142543,533415024,37.3,38.5,37.0,37.8,-0.70,5751
97/08/08,27047532,1065582521,37.6,40.2,37.5,39.75,+1.95,10318
97/08/11,23402435,944574327,40.2,41.35,39.75,39.8,+0.05,8645
97/08/12,18803715,757116155,39.8,40.8,39.3,40.5,+0.70,6714
97/08/13,41275618,1747382227,41.1,43.25,41.0,42.85,+2.35,14559
97/08/14,24360068,1036384591,42.5,43.25,41.5,42.6,-0.25,8356
97/08/15,14136835,586693126,42.85,42.95,40.2,40.3,-2.30,5723
97/08/18,10363473,411995096,40.0,40.8,39.0,39.0,-1.30,4126
97/08/19,11492773,451945953,37.9,40.2,37.9,39.8,+0.80,4942
97/08/20,13530607,521925607,39.0,39.05,38.1,38.4,-1.40,5541
97/08/21,14956531,577875309,38.4,39.2,38.15,38.15,-0.25,5510
97/08/22,13919220,513983466,38.3,38.7,36.0,36.7,-1.45,5955
97/08/25,8132217,297938629,37.2,37.25,36.0,36.5,-0.20,3475
97/08/26,7083401,259669536,36.15,37.1,36.0,36.5, 0.00,3409
97/08/27,10995198,413657440,36.5,38.25,36.5,38.1,+1.60,4946
97/08/28,10687818,408923501,38.4,38.85,37.8,37.85,-0.25,4451
97/08/29,8205998,313345274,38.25,38.8,37.8,38.0,+0.15,3437
97/09/01,6475400,237611350,37.5,38.0,36.0,36.0,-2.00,3023
97/09/02,9736245,348969320,36.0,36.7,34.85,35.8,-0.20,4323
97/09/03,11623414,391203935,34.8,35.2,33.3,33.3,-2.50,4628
97/09/04,10483600,330348118,31.5,33.2,31.0,31.0,-2.30,3878
97/09/05,9101160,267687860,28.85,30.85,28.85,29.05,-1.95,3804
97/09/08,9257053,282969095,30.4,31.05,29.7,31.05,+2.00,3607
97/09/09,6735883,198256315,30.3,30.7,28.9,28.9,-2.15,2457
97/09/10,5782386,167697151,28.0,29.5,28.0,29.4,+0.50,2723
97/09/11,8438535,243527962,29.4,30.0,27.35,27.35,-2.05,3478
97/09/12,18940517,492858813,28.0,28.1,25.45,26.1,-1.25,6023
97/09/15,4289048,104498813,24.5,25.0,24.3,24.3,-1.80,1528
97/09/16,570489,12893048,22.6,22.6,22.6,22.6,-1.70,241
97/09/17,20180742,441453502,21.1,22.9,21.05,21.05,-1.55,6128
97/09/18,1050288,20585641,19.6,19.6,19.6,19.6,-1.45,403
97/09/19,20338997,421659534,20.95,20.95,20.2,20.7,+1.10,6025
97/09/22,19427568,413414650,20.9,22.1,20.1,21.95,+1.25,6641
97/09/23,22267600,503272518,21.1,23.45,21.05,23.45,+1.50,7662
97/09/24,29493349,720864942,23.45,25.05,23.15,25.05,+1.60,8224
97/09/25,24204235,600057034,24.4,25.25,24.1,24.4,-0.65,7220
97/09/26,10432521,245365821,24.5,24.9,22.7,22.7,-1.70,3623
97/09/30,681382,14411226,21.15,21.15,21.15,21.15,-1.55,299
97/10/01,11020337,236684883,21.15,22.2,20.8,21.15, 0.00,4254
97/10/02,6941189,149865119,21.15,22.3,21.15,21.55,+0.40,2851
97/10/03,8098702,171603294,21.4,22.5,20.05,22.5,+0.95,3320
97/10/06,7822601,166535270,21.3,21.9,20.95,20.95,-1.55,2605
97/10/07,5811888,118551823,19.5,21.15,19.5,20.75,-0.20,2551
97/10/08,8250324,160532395,19.55,20.1,19.3,19.3,-1.45,2843
97/10/09,11668258,223619244,19.3,20.15,17.95,18.1,-1.20,4120
97/10/13,1345481,23545916,17.5,17.5,17.5,17.5,-0.60,479
97/10/14,9540277,178145927,18.7,18.7,18.2,18.7,+1.20,1927
97/10/15,5740661,104088692,18.5,18.5,18.05,18.2,-0.50,2038
97/10/16,375097,6601705,17.6,17.6,17.6,17.6,-0.60,189
97/10/17,6402801,109357167,17.2,17.6,17.0,17.0,-0.60,1657
97/10/20,5086353,85718561,16.45,17.8,16.45,17.6,+0.60,1601
97/10/21,8526620,155468485,17.9,18.7,17.65,17.8,+0.20,2723
97/10/22,12687889,237809616,17.8,19.0,17.35,18.5,+0.70,3794
97/10/23,11102608,205951011,17.9,19.5,17.9,19.35,+0.85,3808
97/10/24,7391026,138557586,19.15,19.15,18.7,18.7,-0.65,2022
97/10/27,10905214,208674006,18.0,19.9,18.0,19.2,+0.50,4159
97/10/28,14916779,288149968,18.9,20.5,17.9,20.5,+1.30,5478
97/10/29,17739554,376492973,21.9,21.9,19.8,19.8,-0.70,5597
97/10/30,11186009,233422240,20.8,21.15,20.0,21.15,+1.35,3484
97/10/31,13394546,283041738,21.05,21.8,20.5,20.9,-0.25,4733
97/11/03,15160521,321838290,21.15,22.2,20.2,22.0,+1.10,4951
97/11/04,10780170,235293416,21.6,22.5,21.3,21.85,-0.15,4070
97/11/05,12088400,268132858,22.1,22.9,21.2,21.35,-0.50,4340
97/11/06,7747799,156536380,20.0,20.8,19.9,20.0,-1.35,3099
97/11/07,9577523,201665841,19.5,21.4,19.5,21.4,+1.40,2785
97/11/10,14224225,311122434,21.25,22.45,21.25,21.95,+0.55,4435
97/11/11,7746000,162881749,21.2,21.7,20.5,20.5,-1.45,3134
97/11/12,7731942,163096827,21.3,21.6,20.5,20.8,+0.30,2903
97/11/13,4614300,89770202,19.55,20.0,19.35,19.35,-1.45,1419
97/11/14,12372255,231722240,19.65,20.15,18.0,18.0,-1.35,4353
97/11/17,7879900,132573170,16.8,17.3,16.75,16.75,-1.25,3004
97/11/18,5499883,86026772,15.85,16.0,15.6,15.6,-1.15,1724
97/11/19,9590632,151623517,15.0,16.65,14.55,16.65,+1.05,3681
97/11/20,6961727,109433566,15.5,16.4,15.5,15.5,-1.15,2742
97/11/21,8711503,139805423,14.75,16.55,14.75,16.55,+1.05,2943
97/11/24,8133793,136000919,16.7,17.15,16.2,16.7,+0.15,2989
97/11/25,7932853,138494674,17.4,17.8,17.0,17.15,+0.45,3041
97/11/26,6112220,105554443,17.0,17.65,16.7,17.3,+0.15,2561
97/11/27,10583157,193607239,18.0,18.5,17.8,18.5,+1.20,3352
97/11/28,20222682,384977422,18.45,19.7,18.2,19.4,+0.90,5868
97/12/01,15124719,294848374,19.1,19.9,19.0,19.1,-0.30,4950
97/12/02,10403692,191083081,17.9,18.75,17.9,18.4,-0.70,3431
97/12/03,15705968,293205217,18.8,19.2,18.2,18.25,-0.15,5195
97/12/04,25727426,493570750,18.9,19.5,18.7,18.8,+0.55,6709
97/12/05,20808109,391473987,18.9,19.2,18.2,18.6,-0.20,5895
97/12/08,24974430,488172152,19.0,19.9,18.85,19.9,+1.30,6700
97/12/09,28154536,577581771,20.3,21.0,20.0,20.1,+0.20,8400
97/12/10,33437528,707722050,20.4,21.5,20.3,21.5,+1.40,8594
97/12/11,33934196,745244962,21.6,22.5,21.4,21.95,+0.45,9922
97/12/12,27724141,595096580,21.8,22.5,20.45,20.45,-1.50,8640
97/12/15,19262517,416497642,21.6,21.85,21.3,21.85,+1.40,5340
97/12/16,30899133,684484776,21.85,22.95,21.6,22.95,+1.10,9079
97/12/17,30131865,698949198,23.9,24.1,22.2,22.3,-0.65,9288
97/12/18,17183748,382735227,22.3,22.8,21.8,22.5,+0.20,5522
97/12/19,50112529,1175304901,22.5,24.05,22.2,23.65,+1.15,14189
97/12/22,23580854,540228651,23.7,23.95,22.0,22.1,-1.55,7571
97/12/23,18718643,395452946,21.65,22.1,20.6,22.0,-0.10,6134
97/12/24,31041900,691576093,21.6,22.7,21.15,22.05,+0.05,9741
97/12/25,16475200,366993300,22.4,22.6,21.9,22.4,+0.35,5429
97/12/26,15520678,348886387,22.2,22.7,22.1,22.4, 0.00,5521
97/12/29,6006600,132435468,22.1,22.4,21.8,21.8,-0.60,2238
97/12/30,17138032,389616674,22.25,23.05,22.2,22.7,+0.90,5534
97/12/31,28404620,659628321,23.2,23.6,22.8,23.05,+0.35,9343
98/01/05,29922098,727352312,24.0,24.65,23.8,24.65,+1.60,8553
98/01/06,25250357,629314975,25.0,25.2,24.5,25.0,+0.35,8173
98/01/07,26662449,673271225,25.3,25.7,24.75,25.0, 0.00,8362
98/01/08,17322000,413369847,24.1,24.8,23.25,23.3,-1.70,5767
98/01/09,16053066,382338020,23.4,24.2,23.05,23.85,+0.55,5690
98/01/10,15073120,365350490,23.6,24.65,23.55,24.2,+0.35,5305
98/01/12,11941200,289837149,24.5,24.7,24.0,24.2, 0.00,3796
98/01/13,14392597,354083383,24.2,25.1,24.1,25.1,+0.90,4740
98/01/14,17862940,448219572,25.3,25.45,24.6,24.6,-0.50,5629
98/01/15,8450499,199586472,23.4,24.0,23.15,23.15,-1.45,2925
98/01/16,10753591,256762011,23.8,24.2,23.5,24.15,+1.00,3750
98/01/17,23951333,592650825,24.3,25.2,23.95,24.65,+0.50,7605
98/01/19,17643060,441424195,24.7,25.4,24.7,24.9,+0.25,5690
98/01/20,8481105,207357736,24.4,24.8,24.2,24.2,-0.70,2822
98/01/21,9138125,221335375,23.85,24.45,23.8,24.05,-0.15,3291
98/02/02,6313200,153995950,24.4,24.7,24.05,24.25,+0.20,2519
98/02/03,19781066,505949858,24.5,25.9,24.5,25.9,+1.65,5829
98/02/04,30897662,813014312,26.4,26.7,25.7,26.0,+0.10,9439
98/02/05,12907689,334286769,25.5,26.3,25.5,25.5,-0.50,4740
98/02/06,21389050,565397550,26.45,26.85,25.9,26.0,+0.50,6669
98/02/09,20785283,538873486,26.5,26.6,25.2,25.4,-0.60,6746
98/02/10,12245796,312308557,25.4,25.8,25.25,25.7,+0.30,4424
98/02/11,17008994,436968740,25.2,26.2,24.85,26.2,+0.50,5721
98/02/12,31176496,827358696,26.5,27.2,25.5,25.5,-0.70,10041
98/02/13,29117152,780834589,26.1,27.25,25.85,27.25,+1.75,7938
98/02/16,54951638,1556483693,27.75,29.15,27.2,29.15,+1.90,13358
98/02/17,53256474,1565811280,29.4,29.9,29.0,29.4,+0.25,14330
98/02/18,22299642,650159000,29.1,29.6,28.4,29.4, 0.00,6983
98/02/19,43997404,1347019329,29.4,31.45,28.8,30.9,+1.50,13196
98/02/20,25611939,790596881,30.75,31.45,30.35,30.6,-0.30,8216
98/02/23,20812711,618223030,30.1,30.5,28.8,30.0,-0.60,7083
98/02/24,24190186,729917904,29.1,30.7,29.1,30.15,+0.15,8401
98/02/25,25834422,787822420,30.8,31.2,29.9,30.0,-0.15,8026
98/02/26,17369389,526556352,30.4,30.8,29.85,30.3,+0.30,5564
98/02/27,30530597,956417652,30.3,32.3,30.15,31.5,+1.20,10380
98/03/02,13431190,415050020,31.1,31.6,30.2,30.35,-1.15,5005
98/03/03,14863011,441022784,30.0,30.65,28.5,30.55,+0.20,5541
98/03/04,33525315,1062319604,30.55,32.65,30.55,32.1,+1.55,10224
98/03/05,24337979,788619961,32.6,33.35,31.5,31.8,-0.30,7959
98/03/06,16442173,523800886,31.8,32.35,31.3,31.95,+0.15,5641
98/03/09,12215909,390953575,31.95,32.5,31.1,32.1,+0.15,4326
98/03/10,25655430,851507122,32.15,34.0,31.9,33.2,+1.10,8102
98/03/11,21724106,719591617,33.9,33.9,32.35,33.2, 0.00,6535
98/03/12,14643692,484598439,32.9,33.5,32.4,32.4,-0.80,5073
98/03/13,18581073,616519142,33.4,33.8,32.5,32.8,+0.40,6175
98/03/16,28690953,973100969,33.0,34.6,32.8,34.6,+1.80,8976
98/03/17,16369976,560859524,34.8,34.9,33.6,34.2,-0.40,5872
98/03/18,13241017,447799211,34.2,34.5,33.3,33.3,-0.90,4748
98/03/19,16323793,548188597,33.3,34.2,33.0,33.1,-0.20,5957
98/03/20,12526351,411140246,33.4,33.65,31.9,32.05,-1.05,4434
98/03/23,16247843,540018520,32.4,34.0,32.2,34.0,+1.95,5798
98/03/24,35486342,1231903094,34.5,35.9,33.4,34.95,+0.95,12275
98/03/25,28929721,1028106928,35.05,36.2,34.8,35.9,+0.95,9881
98/03/26,23083826,823789748,35.8,36.7,35.0,35.0,-0.90,8408
98/03/27,18189916,631246344,35.2,35.6,33.8,33.8,-1.20,6992
98/03/30,21358997,710182504,33.8,34.3,31.6,31.9,-1.90,8432
98/03/31,19314380,613287007,32.0,32.55,30.9,31.0,-0.90,6995
98/04/01,20262764,642648701,31.0,32.3,31.0,31.75,+0.75,6937
98/04/02,28424397,881060357,32.5,32.55,30.15,30.9,-0.85,10162
98/04/03,37740237,1219253727,32.5,33.05,31.6,33.05,+2.15,12972
98/04/06,17293583,555211781,32.8,32.85,31.6,31.7,-1.35,6965
98/04/07,18747587,615663332,31.5,33.3,31.35,33.2,+1.50,7179
98/04/08,22078874,745233689,33.0,34.45,32.5,34.4,+1.20,7974
98/04/09,40224200,1425164046,35.4,35.9,34.9,35.0,+0.60,12538
98/04/10,32532882,1139959545,35.45,35.7,34.0,35.5,+0.50,10715
98/04/13,30333312,1092852902,35.5,36.5,35.0,35.5, 0.00,10334
98/04/14,34850886,1279570395,35.5,37.5,35.5,36.4,+0.90,11242
98/04/15,32840649,1208622142,36.7,37.8,35.8,36.05,-0.35,11119
98/04/16,28791940,1051379016,37.0,37.2,36.0,36.2,+0.15,10020
98/04/17,30384430,1089540870,36.9,37.3,33.7,33.7,-2.50,10153
98/04/20,14695867,493195778,33.7,34.2,32.45,33.8,+0.10,5728
98/04/21,15600285,537599859,33.05,34.95,33.05,34.8,+1.00,5894
98/04/22,16116588,563481390,34.8,35.4,34.6,34.75,-0.05,5838
98/04/23,18419728,647426252,34.8,35.7,34.2,34.8,+0.05,6664
98/04/24,19042484,672955927,35.1,35.9,34.9,35.5,+0.70,6880
98/04/27,16688802,570293404,35.9,35.9,33.05,33.2,-2.30,5871
98/04/28,15440881,515496429,33.5,34.2,32.6,32.7,-0.50,5787
98/04/29,19571963,620549352,33.2,33.4,30.75,30.75,-1.95,7155
98/04/30,14981569,491108267,32.9,32.9,32.0,32.9,+2.15,3689
98/05/04,22170938,769475350,34.0,35.2,33.6,34.7,+1.80,5844
98/05/05,39903035,1458035532,36.0,37.1,35.5,37.1,+2.40,11123
98/05/06,33721806,1316758051,37.5,39.65,37.5,39.65,+2.55,8321
98/05/07,45660786,1884676808,41.0,42.4,40.25,41.3,+1.65,14031
98/05/08,41808576,1791336665,40.95,44.15,40.6,44.15,+2.85,12292
98/05/11,34252196,1562161692,44.7,46.9,44.5,44.7,+0.55,11187
98/05/12,39602429,1797362142,44.7,46.4,44.0,45.8,+1.10,14567
98/05/13,24565429,1126414225,46.4,46.7,45.3,45.3,-0.50,8504
98/05/14,33732205,1560481286,45.0,47.3,44.6,46.5,+1.20,11318
98/05/15,38264192,1841481191,47.0,49.75,46.5,49.75,+3.25,11503
98/05/18,38515837,2015663523,50.5,53.2,50.5,53.2,+3.45,10968
98/05/19,10273176,584543701,56.9,56.9,56.9,56.9,+3.70,2798
98/05/20,55476858,3193527950,59.4,59.4,54.2,59.4,+2.50,19453
98/05/21,55794032,3460384617,59.4,63.5,58.6,63.5,+4.10,18358
98/05/22,52201584,3458206326,63.5,67.9,63.5,67.9,+4.40,17944
98/05/25,48576658,3297519784,68.4,69.5,65.9,66.0,-1.90,16832
98/05/26,26571083,1680111895,66.0,67.2,61.4,61.4,-4.60,9168
98/05/27,41158332,2455353304,59.0,61.9,57.2,60.3,-1.10,15192
98/06/01,28205849,1663089477,61.8,61.8,56.1,60.3, 0.00,10745
98/06/02,51912071,3234750760,61.6,64.4,59.0,60.0,-0.30,18858
98/06/03,47361588,2909796293,61.5,63.5,59.7,60.5,+0.50,17714
98/06/04,30502645,1875520831,61.5,62.5,60.3,61.3,+0.80,11910
98/06/05,33834112,1998974612,61.3,61.5,57.1,57.7,-3.60,13241
98/06/06,27316523,1624701080,57.8,60.5,57.7,60.0,+2.30,11533
98/06/08,15861567,927969702,60.9,61.0,56.3,56.5,-3.50,7287
98/06/09,26945988,1454071748,56.5,57.0,52.6,52.6,-3.90,10444
98/06/10,20445748,1054343269,53.0,53.5,50.0,50.4,-2.20,8194
98/06/11,27797061,1471637985,51.0,53.9,51.0,53.9,+3.50,10128
98/06/12,34673288,1905503140,54.4,56.0,53.8,55.0,+1.10,12851
98/06/15,15459338,801976503,53.6,54.0,51.2,51.2,-3.80,5905
98/06/16,19248537,957586792,50.1,51.2,47.9,49.8,-1.40,7705
98/06/17,18592961,939103662,49.8,52.0,48.6,49.8, 0.00,8435
98/06/18,21407396,1078934496,51.0,51.5,48.95,51.0,+1.20,8885
98/06/19,24301701,1256507013,51.4,52.5,50.2,52.0,+1.00,9512
98/06/22,31021143,1657255015,52.4,55.5,51.2,54.7,+2.70,12426
98/06/23,22980741,1257826382,53.5,55.8,53.1,54.5,-0.20,9819
98/06/24,20494982,1120885928,55.0,55.6,53.5,54.0,-0.50,8547
98/06/25,18731470,1030712612,54.5,56.0,54.0,54.5,+0.50,7917
98/06/26,43245556,2443079470,55.0,57.8,54.9,56.8,+2.30,15901
98/06/29,16035106,886287424,57.4,57.7,54.0,54.0,-2.80,6833
98/06/30,17897962,959773359,54.7,54.9,52.5,53.6,-0.40,7202
98/07/01,20726005,1138067772,53.6,55.5,53.5,55.4,+1.80,8770
98/07/02,30977729,1748642237,55.8,57.5,55.4,55.5,+0.10,12028
98/07/03,19373255,1083952880,55.0,56.8,54.8,56.0,+0.50,7903
98/07/06,16075776,894994380,56.5,56.8,54.7,55.0,-1.00,6439
98/07/07,30129567,1714130319,55.4,57.6,55.1,57.0,+2.00,10991
98/07/08,26853227,1555645266,57.5,59.0,57.1,58.0,+1.00,10601
98/07/09,16376371,941678629,58.2,58.4,56.6,56.7,-1.30,6839
98/07/10,34342673,1947529581,57.7,58.4,54.9,55.7,-1.00,13517
98/07/13,20750162,1099580224,54.0,55.4,51.9,52.0,-3.70,9331
98/07/14,14324646,758461558,52.4,53.5,52.3,53.5,+1.50,6714
98/07/15,17361496,940528584,54.1,54.9,53.6,53.6,+0.10,7570
98/07/16,14845643,804840760,54.6,55.0,53.3,53.6, 0.00,6714
98/07/17,33924230,1880098027,54.6,56.6,53.8,56.1,+2.50,14020
98/07/20,21783400,1231737815,56.6,57.3,56.0,56.0,-0.10,8653
98/07/21,28656778,1581960126,56.5,56.7,53.8,54.8,-1.20,11665
98/07/22,27535154,1539716003,55.0,56.7,54.3,56.2,+1.40,12114
98/07/23,17175900,954454600,56.4,56.5,54.8,55.0,-1.20,7054
98/07/24,25695255,1434249320,56.0,56.8,54.6,54.6,-0.40,10066
98/07/27,11921770,651024529,55.5,55.5,54.0,54.5,-0.10,5348
98/07/28,16597660,922485923,55.1,56.3,55.0,55.5,+1.00,6788
98/07/29,33777831,1911500164,56.0,57.2,55.6,56.1,+0.60,13239
98/07/30,16436500,907672500,56.6,56.6,54.7,54.7,-1.40,7115
98/07/31,19630958,1066426935,55.7,55.7,53.5,53.5,-1.20,8206
98/08/03,22248520,1149311374,53.2,53.8,49.85,51.2,-2.30,9618
98/08/04,10857000,557239993,51.9,52.4,50.0,51.7,+0.50,5111
98/08/05,16929188,832541663,51.0,51.5,48.1,48.1,-3.60,8605
98/08/06,13041208,598933568,47.5,48.5,45.0,45.55,-2.55,6382
98/08/10,12051095,559946480,45.1,47.35,45.0,47.1,X0.00,6073
98/08/11,12939005,617877492,47.1,49.0,47.0,48.6,+1.50,5903
98/08/12,11156830,535020273,48.4,48.9,47.15,47.15,-1.45,5011
98/08/13,14057422,679752012,48.0,48.8,48.0,48.1,+0.95,5987
98/08/14,13047571,625254887,48.8,48.8,47.05,47.8,-0.30,5842
98/08/17,8449413,399777931,47.8,48.1,46.9,46.9,-0.90,3585
98/08/18,16450070,761741705,46.4,47.45,45.05,45.6,-1.30,7137
98/08/19,13128088,608614135,46.2,47.0,45.8,45.8,+0.20,5694
98/08/20,11212399,502751234,46.1,46.1,44.2,44.3,-1.50,5264
98/08/21,13199739,573368955,44.9,45.3,41.3,41.85,-2.45,5853
98/08/24,11990358,520583828,43.1,44.5,42.6,44.5,+2.65,5261
98/08/25,8018300,352425420,44.5,44.7,43.2,43.4,-1.10,3816
98/08/26,11920487,505521692,43.4,43.7,41.5,42.6,-0.80,5622
98/08/27,18616394,825699690,42.6,45.15,42.6,44.4,+1.80,8162
98/08/28,16336457,739345179,44.8,45.8,44.6,45.1,+0.70,6713
98/08/31,10401509,469679673,45.7,45.7,44.5,45.25,+0.15,4440
98/09/01,23587396,1103869758,45.25,48.2,44.7,47.8,+2.55,9658
98/09/02,15032050,716130538,47.3,48.45,47.05,47.35,-0.45,6271
98/09/03,12421205,586281474,47.5,47.8,46.55,47.5,+0.15,5188
98/09/04,19551595,940247660,48.0,48.8,47.5,47.5, 0.00,8177
98/09/07,12057844,569836668,47.7,48.2,46.7,46.75,-0.75,4848
98/09/08,17708063,843654562,47.5,48.3,47.0,47.1,+0.35,6816
98/09/09,10971419,511264875,47.5,47.6,46.1,46.1,-1.00,4592
98/09/10,11058147,511017676,47.3,47.3,45.55,45.8,-0.30,4607
98/09/11,9333587,435746949,46.2,47.2,45.85,46.65,+0.85,3859
98/09/14,12460793,588569021,46.8,47.7,46.5,47.05,+0.40,5244
98/09/15,31380941,1533756654,48.0,49.8,48.0,49.5,+2.45,13123
98/09/16,25468646,1279473867,50.5,51.2,49.1,49.1,-0.40,10667
98/09/17,17896071,888492152,50.0,50.4,48.85,48.95,-0.15,7784
98/09/18,10892449,539543145,48.95,49.95,48.95,49.5,+0.55,5298
98/09/21,11993534,600619717,50.5,50.7,49.6,49.9,+0.40,5262
98/09/22,32341673,1655664196,50.0,52.0,49.95,51.1,+1.20,13054
98/09/23,27191645,1384337787,52.0,52.2,49.5,49.8,-1.30,9927
98/09/24,16378080,799736920,49.9,50.4,47.8,49.0,-0.80,7119
98/09/25,7884506,384664179,48.8,49.3,48.3,48.65,-0.35,3789
98/09/28,7059201,336994982,48.5,49.0,47.2,47.35,-1.30,3377
98/09/29,7563264,363013899,47.9,48.5,47.55,47.8,+0.45,3609
98/09/30,7424269,359841836,48.1,48.7,47.9,48.7,+0.90,3344
98/10/01,6890864,333448153,49.0,49.25,48.05,48.05,-0.65,3063
98/10/02,8587729,412587942,47.3,48.7,47.25,48.0,-0.05,3804
98/10/05,7689699,372688201,48.3,49.0,47.6,49.0,+1.00,3472
98/10/06,15018223,741878091,49.3,49.9,48.75,48.75,-0.25,6469
98/10/07,12858160,633762688,49.0,49.75,48.75,49.55,+0.80,5461
98/10/08,21862773,1094903628,50.0,50.9,48.8,48.8,-0.75,9299
98/10/09,9929567,484159808,49.4,49.55,47.8,48.75,-0.05,4342
98/10/12,10630414,529853000,49.5,50.4,49.25,49.7,+0.95,5073
98/10/13,11710803,583715159,49.0,50.5,48.8,49.9,+0.20,5108
98/10/14,11660761,584488593,50.5,50.7,49.7,49.95,+0.05,4812
98/10/15,25887213,1320706377,50.7,51.7,50.2,50.3,+0.35,10703
98/10/16,9362821,469767850,50.5,50.8,49.8,50.0,-0.30,4073
98/10/19,8708895,439558183,50.0,50.8,49.9,50.6,+0.60,3803
98/10/20,21331324,1103042624,51.5,52.3,51.0,51.0,+0.40,8800
98/10/21,8295747,419677487,51.1,51.5,50.2,50.2,-0.80,3827
98/10/22,14528499,712104501,50.2,50.5,48.2,48.95,-1.25,6544
98/10/23,7782113,382880412,49.2,49.6,48.8,48.8,-0.15,3606
98/10/26,7631790,368611688,49.0,49.3,47.95,48.1,-0.70,3575
98/10/27,5561459,268956405,48.1,48.8,47.85,48.5,+0.40,2769
98/10/28,8437023,402326585,48.6,48.8,46.85,47.1,-1.40,3750
98/10/29,12142668,552963828,46.4,46.6,44.5,45.5,-1.60,5201
98/10/30,6663002,303310418,46.1,46.2,45.0,45.0,-0.50,3118
98/11/02,6389365,284403835,44.0,45.6,43.6,45.6,+0.60,2913
98/11/03,5440136,248570056,46.0,46.3,45.1,45.15,-0.45,2472
98/11/04,9523268,444604266,45.6,47.5,45.5,47.35,+2.20,4366
98/11/05,5852040,274292720,47.8,47.8,46.0,46.0,-1.35,2770
98/11/06,5377632,249613241,46.9,47.2,46.0,46.15,+0.15,2474
98/11/09,3548296,163891350,46.6,46.9,45.8,45.8,-0.35,1661
98/11/10,6742589,314294438,46.5,47.2,46.05,46.6,+0.80,2932
98/11/11,8184936,386121429,46.85,47.8,46.5,47.8,+1.20,3374
98/11/12,6917677,329474019,47.8,48.4,46.9,46.9,-0.90,2994
98/11/13,4865356,229361767,46.9,47.5,46.6,47.4,+0.50,2186
98/11/16,6592961,315119433,47.5,48.3,47.2,47.5,+0.10,3075
98/11/17,6229865,293511419,47.6,48.0,46.8,46.8,-0.70,2652
98/11/18,18450145,893859399,47.1,49.2,46.6,48.4,+1.60,7736
98/11/19,16785748,827575194,48.6,49.8,48.55,48.6,+0.20,7138
98/11/20,10425032,509258129,49.0,49.55,48.1,48.1,-0.50,4592
98/11/23,9306002,453161113,48.45,49.2,48.0,48.95,+0.85,3649
98/11/24,45859945,2343080120,49.8,51.9,49.7,51.7,+2.75,17608
98/11/25,39514059,2075989868,52.8,53.3,51.8,52.1,+0.40,14654
98/11/26,23794377,1247145863,52.6,53.3,51.5,51.5,-0.60,9061
98/11/27,17985653,903350003,50.5,51.2,49.1,49.1,-2.40,7374
98/11/30,20618942,1058331784,50.0,52.4,50.0,52.0,+2.90,8127
98/12/01,23724693,1231739799,52.1,52.5,51.2,51.4,-0.60,8116
98/12/02,17672028,917763728,52.2,52.5,51.0,51.0,-0.40,7561
98/12/03,49181337,2592996330,51.4,53.6,51.0,52.7,+1.70,17472
98/12/04,40843887,2209574605,53.8,54.7,53.1,53.7,+1.00,15870
98/12/07,25068932,1356593971,54.5,55.0,53.2,53.2,-0.50,9980
98/12/08,16758161,892928453,53.5,54.3,52.6,52.6,-0.60,6917
98/12/09,14845688,784796174,52.6,53.6,52.3,52.6, 0.00,5901
98/12/10,21071508,1084390388,53.0,53.3,50.0,50.6,-2.00,9084
98/12/11,9888335,508167313,50.9,52.0,50.9,51.4,+0.80,4331
98/12/14,7559844,388631005,51.5,52.1,51.0,51.2,-0.20,3449
98/12/15,6841804,350644904,51.5,51.8,50.9,50.9,-0.30,3149
98/12/16,16233039,842968924,51.1,52.5,50.8,52.2,+1.30,6868
98/12/17,17906054,937118965,52.6,53.2,51.2,51.2,-1.00,6967
98/12/18,6450528,328562328,50.8,51.5,50.7,50.8,-0.40,3032
98/12/21,5059352,259445352,51.3,51.7,50.8,51.0,+0.20,2301
98/12/22,10511747,546320382,51.3,52.6,51.3,52.6,+1.60,4338
98/12/23,13827020,726981023,52.7,53.1,52.1,52.1,-0.50,5084
98/12/24,19000182,999018375,52.8,53.3,51.6,51.6,-0.50,7262
98/12/25,8138509,420647952,52.1,52.3,51.2,51.4,-0.20,3552
98/12/28,19882357,1046890421,51.9,53.3,51.7,53.0,+1.60,7883
98/12/29,14321488,755011611,53.1,53.8,52.0,52.0,-1.00,5593
98/12/30,21110841,1118353671,52.5,53.5,52.0,53.0,+1.00,7327
98/12/31,60120591,3331347561,53.5,56.7,53.1,56.7,+3.70,19075
99/01/04,74782655,4425219677,58.0,60.5,57.5,60.5,+3.80,23301
99/01/05,40974717,2395200769,61.0,61.0,57.0,57.0,-3.50,14782
99/01/06,25437934,1464581091,57.3,58.3,56.8,57.3,+0.30,8599
99/01/07,36501654,2080516670,58.7,58.8,55.0,55.0,-2.30,12692
99/01/08,22494216,1249871912,55.4,57.0,54.1,57.0,+2.00,8313
99/01/11,19201241,1098002348,57.3,57.8,56.7,56.7,-0.30,6914
99/01/12,9691880,543873151,56.5,56.8,55.6,56.1,-0.60,4181
99/01/13,17393859,989854878,56.0,57.6,55.2,56.8,+0.70,6967
99/01/14,17730115,1023491241,57.3,58.4,57.1,57.9,+1.10,6615
99/01/15,23603934,1367635416,58.4,58.9,57.1,57.1,-0.80,7471
99/01/18,21837690,1269942062,58.0,58.6,57.5,57.5,+0.40,8020
99/01/19,12137766,688992974,58.1,58.2,56.1,56.3,-1.20,5135
99/01/20,10151366,574540506,56.9,57.3,55.6,56.6,+0.30,3827
99/01/21,8938794,496856670,56.5,56.7,54.8,55.0,-1.60,3743
99/01/22,12242542,665475810,53.6,55.2,53.3,54.8,-0.20,4713
99/01/25,9834548,540680148,54.5,55.9,54.1,54.3,-0.50,3865
99/01/26,33483066,1819513129,55.5,56.6,51.0,52.0,-2.30,12521
99/01/27,23488387,1209636837,53.0,53.6,48.6,50.1,-1.90,9176
99/01/28,15517139,789807967,50.9,52.0,50.0,52.0,+1.90,6344
99/01/29,10951269,553039356,50.9,51.3,49.6,50.9,-1.10,4466
99/02/01,5807651,293362308,51.2,51.5,50.0,50.1,-0.80,2699
99/02/02,13745275,668323076,50.9,51.1,47.15,47.4,-2.70,5724
99/02/03,17324384,820615554,48.0,48.4,46.45,47.65,+0.25,7368
99/02/04,10443803,502538844,47.7,48.7,47.55,47.95,+0.30,4612
99/02/05,13619792,616094948,46.2,46.25,44.6,44.6,-3.35,5696
99/02/06,14396026,624908500,44.6,45.2,41.55,42.0,-2.60,5890
99/02/08,10316630,452231037,42.3,44.9,42.05,44.9,+2.90,4271
99/02/09,21043363,985663350,45.5,47.9,45.5,47.85,+2.95,8344
99/02/10,25468102,1235283150,48.3,49.9,47.4,49.9,+2.05,9617
99/02/22,27888108,1326870039,49.2,49.2,46.45,46.45,-3.45,9843
99/02/23,16939161,793514367,46.3,47.5,45.8,46.6,+0.15,6656
99/02/24,9500397,444087153,46.4,47.2,46.0,46.45,-0.15,4045
99/02/25,9484020,435502786,46.8,47.05,44.9,45.1,-1.35,4265
99/02/26,7390073,337539020,45.7,46.3,45.05,45.8,+0.70,3385
99/03/01,8107188,377185592,46.1,47.1,45.5,46.8,+1.00,3401
99/03/02,9182507,432366168,47.1,47.65,46.6,46.8, 0.00,3976
99/03/03,5975154,279458266,47.2,47.2,46.5,46.55,-0.25,2630
99/03/04,11357902,535769176,46.6,47.7,46.55,46.6,+0.05,4862
99/03/05,6220001,293747989,47.25,47.6,46.85,47.1,+0.50,2812
99/03/08,8443485,403684428,47.6,48.1,47.5,47.5,+0.40,3818
99/03/09,39251912,1963606464,47.8,50.8,47.6,50.8,+3.30,13447
99/03/10,19736002,987766890,50.8,51.0,49.0,49.0,-1.80,7888
99/03/11,9327353,456478243,49.5,49.7,48.3,48.35,-0.65,4359
99/03/12,6488871,316236009,48.6,49.25,48.4,48.5,+0.15,3064
99/03/15,10627495,504789820,48.5,48.8,47.0,47.0,-1.50,4949
99/03/16,3461518,164123596,47.1,47.65,47.05,47.6,+0.60,1801
99/03/17,7602719,369036031,48.15,48.9,48.15,48.75,+1.15,3563
99/03/18,9386287,460000837,48.9,49.5,48.35,49.3,+0.55,4006
99/03/19,14311289,715055511,49.95,50.7,49.0,49.0,-0.30,5985
99/03/22,5682008,277301429,49.0,49.3,48.5,48.5,-0.50,2626
99/03/23,5231314,255439540,49.0,49.3,48.35,48.4,-0.10,2363
99/03/24,5683510,278931080,49.1,49.5,48.6,48.6,+0.20,2562
99/03/25,7291218,358856270,48.9,49.7,48.6,49.25,+0.65,3175
99/03/26,6553425,322243074,49.7,49.7,48.85,48.85,-0.40,2638
99/03/29,18537282,935914679,49.1,51.3,49.0,50.5,+1.65,7551
99/03/30,9766313,492228482,51.0,51.2,49.8,49.85,-0.65,3774
99/03/31,11709607,594119388,50.1,51.3,50.1,50.4,+0.55,4343
99/04/01,8771868,442536838,50.8,51.0,50.1,50.4, 0.00,3684
99/04/02,5262614,264332217,51.0,51.0,49.9,50.2,-0.20,2276
99/04/06,4754350,240269733,50.8,51.0,50.1,50.4,+0.20,2004
99/04/07,21246859,1119652211,52.0,53.8,51.5,53.6,+3.20,9310
99/04/08,24192381,1287155237,53.9,54.3,51.6,52.0,-1.60,9963
99/04/09,15239430,801399275,52.4,53.3,51.7,52.3,+0.30,6655
99/04/12,14432879,762044808,53.0,53.7,52.0,52.0,-0.30,5907
99/04/13,30367017,1627945795,52.1,54.6,52.1,53.5,+1.50,11607
99/04/14,25809975,1404187042,54.1,55.1,53.8,53.8,+0.30,9205
99/04/15,30130041,1653065949,54.7,55.5,53.7,55.2,+1.40,11284
99/04/16,14240695,774376466,55.2,55.4,53.9,54.1,-1.10,5815
99/04/19,25618606,1348533006,53.8,55.0,50.5,50.9,-3.20,9870
99/04/20,13092532,671904940,51.6,51.7,50.9,51.2,+0.30,5418
99/04/21,12974495,672687834,51.8,52.6,51.3,51.6,+0.40,5344
99/04/22,10199161,523758870,51.6,52.1,50.8,51.4,-0.20,4294
99/04/23,8044667,417143576,51.7,52.3,51.6,51.6,+0.20,3440
99/04/26,8187513,426907776,52.1,52.6,51.6,52.0,+0.40,3550
99/04/27,13723492,721600570,52.6,53.2,51.7,52.7,+0.70,5341
99/04/28,8518669,441672420,51.2,52.5,51.2,52.5,-0.20,3666
99/04/29,11791463,626774148,53.0,53.8,52.5,52.6,+0.10,4959
99/04/30,19677205,1005553355,53.0,53.2,49.8,50.7,-1.90,8145
99/05/03,7822908,394177542,50.7,51.2,49.85,50.4,-0.30,3381
99/05/04,6051262,304087400,51.0,51.1,49.6,50.2,-0.20,2607
99/05/05,11504232,556015329,49.0,49.5,47.3,48.0,-2.20,4938
99/05/06,15175169,749967329,49.5,49.9,48.7,49.1,+1.10,6230
99/05/07,16189529,785347571,48.1,51.0,46.65,51.0,+1.90,6875
99/05/10,11420250,575680050,50.9,50.9,49.9,50.5,-0.50,4688
99/05/11,10696817,544806228,51.0,51.8,50.0,50.0,-0.50,4781
99/05/12,8126046,404228102,50.3,50.8,49.0,49.1,-0.90,3534
99/05/13,7545790,378466024,50.1,50.7,49.6,50.1,+1.00,3360
99/05/14,5020467,252275333,49.8,50.6,49.8,50.4,+0.30,2471
99/05/17,6036957,297989596,49.95,50.2,48.8,48.8,-1.60,2873
99/05/18,6340033,307549517,49.4,49.5,47.8,48.2,-0.60,2933
99/05/19,7793728,373228475,47.7,48.8,47.1,48.1,-0.10,3335
99/05/20,6477641,308268195,48.5,48.7,46.5,46.5,-1.60,3047
99/05/21,10060977,438907430,43.3,44.5,43.25,43.25,-3.25,4719
99/05/24,5424610,237618087,43.5,44.15,43.35,44.0,+0.75,2424
99/05/25,11911460,496892047,43.4,43.5,40.95,40.95,-3.05,5030
99/05/26,10706229,439333369,41.2,41.75,40.1,40.1,-0.85,4470
99/05/27,11753359,491356999,40.1,42.9,40.1,42.9,+2.80,4878
99/05/28,16284913,731281254,44.0,45.8,44.0,44.6,+1.70,6290
99/05/31,7557247,340030482,45.1,45.5,44.3,45.1,+0.50,3446
99/06/01,15957426,737258118,45.1,47.05,44.6,46.3,+1.20,6717
99/06/02,16915437,781331472,46.8,47.3,44.7,44.75,-1.55,7156
99/06/03,5937942,271962941,46.3,46.3,45.45,45.75,+1.00,2771
99/06/04,6634878,305666538,45.95,46.7,45.55,45.6,-0.15,3162
99/06/07,5989912,262578251,43.1,44.7,43.1,44.7,-0.90,2923
99/06/08,5454949,247433617,45.3,45.65,45.0,45.65,+0.95,2681
99/06/09,8538005,379280313,45.65,45.75,43.45,43.9,-1.75,3955
99/06/10,9956644,444288476,44.1,46.0,43.2,45.65,+1.75,4557
99/06/11,8477614,392821779,46.6,46.95,45.9,45.9,+0.25,3788
99/06/14,4109486,189245153,46.7,46.8,45.75,46.0,+0.10,2055
99/06/15,7137820,332229677,46.4,46.95,46.0,46.5,+0.50,3401
99/06/17,5608236,261647520,47.2,47.2,46.2,46.2,-0.30,2572
99/06/18,4073897,189290558,46.7,46.85,46.15,46.2, 0.00,2020
99/06/21,7527858,354375126,46.9,47.6,46.4,47.0,+0.80,3119
99/06/22,6049915,288090122,47.0,48.1,47.0,47.35,+0.35,3193
99/06/23,5187261,247624945,47.1,48.3,47.1,47.6,+0.25,2585
99/06/24,3299261,156196040,47.8,47.9,47.0,47.1,-0.50,1721
99/06/25,5273515,247003305,46.65,47.4,46.15,47.0,-0.10,2614
99/06/28,2348170,110375670,47.5,47.5,46.65,46.7,-0.30,1078
99/06/29,3658190,171525480,47.2,47.6,46.0,46.0,-0.70,1791
99/06/30,3384445,152139135,45.0,45.2,44.4,45.15,-0.85,1648
99/07/01,3508713,159025580,45.15,45.75,45.05,45.75,+0.60,1307
99/07/02,2102232,95281608,45.75,46.2,44.85,45.0,-0.75,1154
99/07/05,2390395,107258975,45.05,45.4,44.5,45.0, 0.00,1148
99/07/06,8964834,417769753,45.2,47.45,45.2,46.6,+1.60,3641
99/07/07,8286405,383153698,46.6,46.9,45.65,45.65,X0.00,3532
99/07/08,6506338,302456483,46.6,47.0,46.15,46.15,+0.50,2921
99/07/09,7430966,347372469,46.4,47.2,46.35,46.4,+0.25,3536
99/07/12,6158071,289258313,47.05,47.25,46.7,46.8,+0.40,2761
99/07/13,6454616,304134005,47.1,47.7,46.65,46.65,-0.15,3096
99/07/14,12635507,604238380,47.3,48.3,47.1,47.8,+1.15,5416
99/07/15,6451294,307549543,47.8,48.1,47.25,47.6,-0.20,2624
99/07/16,10430200,499744997,47.9,48.35,47.1,47.5,-0.10,4158
99/07/19,4009182,187412728,47.0,47.2,46.35,46.6,-0.90,2106
99/07/20,5955192,280386640,46.6,47.6,46.5,47.0,+0.40,2877
99/07/21,6299918,299539520,47.5,47.8,47.25,47.3,+0.30,2767
99/07/22,3471825,162932607,47.3,47.5,46.7,46.85,-0.45,1568
99/07/23,4705497,222760359,47.5,47.7,47.05,47.05,+0.20,2006
99/07/26,3234710,152316991,47.5,47.5,46.7,46.8,-0.25,1509
99/07/27,5112990,241632430,47.2,47.6,46.8,47.0,+0.20,2182
99/07/28,4480539,211824473,47.35,47.6,47.0,47.0, 0.00,1991
99/07/29,15535982,750868228,47.3,48.95,47.2,47.8,+0.80,6790
99/07/30,4519013,215461159,48.0,48.15,47.3,47.3,-0.50,2127
99/08/02,6707939,322648629,48.0,48.5,47.6,48.0,+0.70,2895
99/08/03,13917135,684674400,48.5,49.9,48.5,48.65,+0.65,5628
99/08/04,5449216,263009465,48.85,48.9,47.85,48.05,-0.60,2641
99/08/05,18071994,834878905,47.85,47.85,44.9,45.2,-2.85,8468
99/08/06,9812719,434814191,45.0,45.0,43.8,44.3,-0.90,4466
99/08/09,4760415,214371175,44.3,45.25,44.3,45.1,+0.80,2353
99/08/10,4085592,182506082,45.45,45.7,44.15,44.25,-0.85,2111
99/08/11,4021739,178440152,44.25,44.9,43.8,44.6,+0.35,2035
99/08/12,3696910,164976070,44.3,45.0,44.2,44.6, 0.00,1879
99/08/13,10036426,462386310,44.9,46.6,44.7,46.0,+1.40,4724
99/08/16,5551845,255513261,46.0,46.75,45.5,45.75,-0.25,2565
99/08/17,4691813,215362343,45.8,46.7,45.2,45.2,-0.55,2242
99/08/18,3634883,165458707,45.3,45.95,45.2,45.25,+0.05,1907
99/08/19,8532282,395568622,45.5,46.75,45.5,46.0,+0.75,3952
99/08/20,3531420,162666858,46.0,46.3,45.75,46.25,+0.25,1728
99/08/23,9367309,437165177,46.45,47.2,45.9,46.4,+0.15,4123
99/08/24,5184431,240259837,46.4,47.0,45.75,45.75,-0.65,2537
99/08/25,5947581,265394885,45.5,45.5,44.0,44.0,-1.75,2893
99/08/26,4146061,183438079,44.0,44.7,43.8,44.05,+0.05,1903
99/08/27,4945737,214516149,44.1,44.45,42.6,44.05, 0.00,2402
99/08/30,3196898,139979836,44.3,44.5,43.4,43.4,-0.65,1435
99/08/31,5511755,232670993,43.0,43.4,41.1,42.55,-0.85,2615
99/09/01,10195492,446635788,42.9,44.6,42.85,44.6,+2.05,3564
99/09/02,21903197,1027629159,46.2,47.45,46.2,47.0,+2.40,8587
99/09/03,18087616,861492370,47.4,48.3,46.6,47.15,+0.15,7791
99/09/06,14477240,688159191,47.45,48.15,46.6,47.65,+0.50,5999
99/09/07,11714599,556958724,47.8,48.4,46.3,46.4,-1.25,4956
99/09/08,5227302,243838250,46.8,47.2,46.2,46.65,+0.25,2398
99/09/09,7307570,345249172,47.1,47.9,46.65,46.75,+0.10,3204
99/09/10,5584740,263567055,47.5,47.75,46.85,46.85,+0.10,2425
99/09/13,8121505,383917024,47.25,47.7,46.75,47.1,+0.25,3246
99/09/14,15536111,750667131,47.45,49.0,47.4,47.7,+0.60,6319
99/09/15,16577478,808932477,48.4,49.5,48.1,48.55,+0.85,6942
99/09/16,9171453,439195565,49.0,49.05,47.05,47.05,-1.50,4147
99/09/17,6336802,302824871,47.3,48.25,47.2,47.7,+0.65,2916
99/09/20,5220498,250328310,48.1,48.5,47.6,47.75,+0.05,2353
99/09/21,31364787,1558426937,48.4,51.0,47.85,51.0,+3.25,12159
99/09/23,42682947,2231972031,51.6,53.3,51.4,51.7,+0.70,16335
99/09/24,14703448,749798530,51.7,52.2,50.2,50.4,-1.30,6811
99/09/27,15852771,800351251,51.6,51.9,49.0,49.0,-1.40,6718
99/09/28,6815645,336795712,49.6,49.8,49.1,49.1,+0.10,3365
99/09/29,8424626,419151703,49.9,50.4,49.2,49.3,+0.20,3777
99/09/30,23164700,1156346961,49.5,51.4,48.6,48.7,-0.60,9417
99/10/01,8676688,423552364,48.9,49.3,48.3,48.45,-0.25,3911
99/10/04,11663419,554648502,49.0,49.05,46.65,46.75,-1.70,5410
99/10/05,6247350,294255281,46.75,47.6,46.5,47.6,+0.85,3086
99/10/06,11948654,582772450,48.7,49.5,48.05,48.05,+0.45,5367
99/10/07,8402950,409883758,48.3,49.15,48.15,48.55,+0.50,3683
99/10/08,5244269,255721934,49.1,49.3,48.5,48.55, 0.00,2412
99/10/11,5012002,243885942,48.65,49.2,48.3,48.4,-0.15,2185
99/10/12,5202074,250036566,48.5,48.8,47.5,47.55,-0.85,2221
99/10/13,10574096,495718712,47.55,48.15,46.3,46.5,-1.05,4920
99/10/14,6570492,306268674,47.0,47.2,45.8,46.0,-0.50,3143
99/10/15,10834395,488004862,46.0,46.15,44.6,44.9,-1.10,5108
99/10/18,4234036,191243679,45.1,45.4,44.9,45.4,+0.50,2195
99/10/19,3718441,169226866,45.5,45.85,45.0,45.4, 0.00,1832
99/10/20,6441965,296677358,45.0,46.7,44.8,46.45,+1.05,2894
99/10/21,4433498,205137000,46.9,46.95,45.8,45.9,-0.55,2020
99/10/22,4040920,186949482,46.5,46.65,45.8,46.35,+0.45,1926
99/10/25,4480385,208132110,46.65,46.9,46.1,46.4,+0.05,1890
99/10/26,7182199,334683304,47.45,47.45,45.75,45.8,-0.60,3169
99/10/27,13033007,569012746,44.6,44.6,43.1,43.8,-2.00,6184
99/10/28,6196211,276299645,43.9,45.15,43.9,45.0,+1.20,3434
99/10/29,4309494,191098148,45.2,45.2,43.85,44.15,-0.85,2235
99/11/01,3045687,134344351,44.15,44.6,43.9,43.95,-0.20,1632
99/11/02,2807395,123255962,44.2,44.4,43.6,43.85,-0.10,1446
99/11/03,6385150,275779288,44.0,44.5,42.6,42.6,-1.25,3168
99/11/04,2526975,108886063,42.7,43.3,42.7,43.1,+0.50,1298
99/11/05,3304820,142823629,43.8,43.8,42.9,43.4,+0.30,1628
99/11/08,4479676,189860926,43.5,43.5,42.0,42.1,-1.30,2198
99/11/09,2278684,97013043,42.2,42.8,42.2,42.65,+0.55,1234
99/11/10,2506838,107366510,42.8,43.35,42.25,42.7,+0.05,1431
99/11/11,2401508,104058744,43.0,43.65,42.8,43.3,+0.60,1340
99/11/12,1551070,66662104,43.3,43.3,42.85,42.9,-0.40,896
99/11/15,6118359,269059084,43.4,44.4,43.1,43.7,+0.80,3081
99/11/16,2847017,124877239,43.85,44.25,43.5,43.5,-0.20,1546
99/11/17,2105505,90622614,43.1,43.3,42.85,42.95,-0.55,1136
99/11/18,1175399,50750943,43.05,43.45,43.0,43.1,+0.15,705
99/11/19,2035469,87860305,43.3,43.5,42.8,42.8,-0.30,1026
99/11/22,1367436,58664601,42.95,43.2,42.8,42.9,+0.10,731
99/11/23,3876028,169027013,43.0,44.0,43.0,43.5,+0.60,1711
99/11/24,2503851,108796711,42.7,44.1,42.7,43.15,-0.35,1302
99/11/25,7871897,348128214,43.4,44.7,43.35,44.15,+1.00,3551
99/11/26,10674639,480941424,44.5,45.6,44.25,44.25,+0.10,4968
99/11/29,4511013,202041223,45.0,45.2,44.35,44.7,+0.45,2072
99/11/30,4414940,198093590,44.85,45.5,44.3,44.55,-0.15,2176
99/12/01,3703765,166680246,44.9,45.4,44.7,45.15,+0.60,1740
99/12/02,10125058,464907765,45.8,46.5,45.25,45.3,+0.15,4343
99/12/03,5642792,258538060,45.55,46.25,45.45,45.75,+0.45,2588
99/12/06,8519053,377678334,45.0,45.0,44.0,44.25,-1.50,3912
99/12/07,4717825,208121550,44.25,44.45,43.8,44.0,-0.25,2356
99/12/08,2284303,100979532,44.4,44.45,44.0,44.0, 0.00,1265
99/12/09,7850165,352970283,44.3,45.6,44.2,44.85,+0.85,3600
99/12/10,3861409,173098646,44.8,45.3,44.5,44.65,-0.20,1926
99/12/13,2966350,132389410,44.85,45.05,44.3,44.35,-0.30,1437
99/12/14,4991729,224519340,44.35,45.5,44.35,44.5,+0.15,2490
99/12/15,3072410,135521377,44.6,44.9,43.85,44.1,-0.40,1607
99/12/16,2835207,124373794,44.5,44.5,43.55,43.7,-0.40,1511
99/12/17,8444027,378124524,44.1,45.45,44.1,44.3,+0.60,3595
99/12/20,3454155,152563237,44.5,44.75,43.85,43.85,-0.45,1651
99/12/21,1669976,73632094,44.0,44.3,43.95,44.0,+0.15,881
99/12/22,7023354,314752787,44.45,45.2,44.3,44.95,+0.95,3101
99/12/23,2988833,133764113,44.95,45.15,44.55,44.55,-0.40,1478
99/12/24,2281883,101707872,44.7,45.1,44.3,44.3,-0.25,1181
99/12/27,2565322,113062826,44.3,44.5,43.9,43.9,-0.40,1275
99/12/28,3113030,135614138,44.0,44.3,43.25,43.35,-0.55,1557
99/12/29,5769883,246433898,43.35,43.6,42.4,42.5,-0.85,2769
99/12/30,2868334,122087152,42.6,43.0,42.3,42.7,+0.20,1405
99/12/31,3309069,140497217,43.0,43.0,42.3,42.4,-0.30,1806
100/01/03,2342664,99484458,42.9,42.9,42.2,42.2,-0.20,1124
100/01/04,2037380,86669499,42.2,42.7,42.2,42.6,+0.40,981
100/01/05,11239910,495310995,43.5,44.65,43.5,43.75,+1.15,5075
100/01/06,4110473,180361487,44.4,44.4,43.4,43.65,-0.10,2124
100/01/07,3264107,141026801,43.65,44.0,42.8,42.9,-0.75,1576
100/01/10,4379820,192284099,44.0,44.45,43.45,43.45,+0.55,2102
100/01/11,5788072,254815121,43.7,44.4,43.45,44.3,+0.85,2422
100/01/12,13491992,607631126,44.6,45.6,44.5,44.55,+0.25,5299
100/01/13,4770809,212609366,45.0,45.2,44.1,44.1,-0.45,2217
100/01/14,2194402,96407060,44.1,44.3,43.7,43.7,-0.40,1217
100/01/17,2336582,103120054,44.2,44.45,43.75,43.75,+0.05,1147
100/01/18,2617173,114262470,43.75,44.1,43.4,43.4,-0.35,1150
100/01/19,6256772,277722169,43.6,45.0,43.55,44.75,+1.35,2688
100/01/20,11102796,501624890,44.95,45.6,44.6,45.05,+0.30,4494
100/01/21,5025519,225681743,45.05,45.5,44.35,44.75,-0.30,2247
100/01/24,2176517,96925644,45.0,45.2,44.1,44.1,-0.65,1176
100/01/25,4492868,197849533,44.5,45.0,44.3,44.5,+0.40,1508
100/01/26,14422064,659025848,44.85,47.15,44.6,46.4,+1.90,5458
100/01/27,23298011,1092336701,46.7,47.3,46.05,46.4, 0.00,9072
100/01/28,6865252,314544516,46.65,46.7,45.3,45.3,-1.10,3443
100/02/08,5740657,256271128,45.9,45.9,43.9,43.9,-1.40,2565
100/02/09,2974995,130875679,43.9,44.45,43.7,43.7,-0.20,1557
100/02/10,4096417,180961753,43.7,44.6,43.7,44.1,+0.40,1689
100/02/11,3719073,162285293,44.5,44.5,42.85,43.4,-0.70,1972
100/02/14,3170734,138769424,43.8,43.9,43.5,43.85,+0.45,1704
100/02/15,5752850,256827788,44.15,45.4,43.75,44.5,+0.65,2793
100/02/16,5596010,251913391,44.5,45.5,44.35,44.55,+0.05,2530
100/02/17,4541559,199714789,44.7,44.85,43.5,43.65,-0.90,2218
100/02/18,2565680,112478891,43.8,44.1,43.7,43.7,+0.05,1225
100/02/21,3563971,153499653,43.7,43.95,42.85,42.95,-0.75,1815
100/02/22,5510150,229859550,42.6,42.6,40.65,41.3,-1.65,2735
100/02/23,9417524,402531908,42.3,43.45,41.8,42.2,+0.90,4247
100/02/24,5084790,212262162,42.7,42.8,41.4,41.5,-0.70,2395
100/02/25,3911831,163519466,41.7,42.4,41.3,42.2,+0.70,1955
100/03/01,6638382,289069597,42.6,44.2,42.6,43.8,+1.60,2945
100/03/02,3249552,141150075,43.3,44.0,43.05,43.15,-0.65,1391
100/03/03,3204993,139464641,43.75,43.8,43.3,43.65,+0.50,1229
100/03/04,6759284,298043662,44.0,44.55,43.1,43.1,-0.55,2950
100/03/07,3247820,137100890,42.9,42.9,41.95,42.0,-1.10,1619
100/03/08,2106741,88987526,42.2,42.75,42.05,42.05,+0.05,1125
100/03/09,1899692,80104880,42.65,42.65,42.0,42.0,-0.05,1040
100/03/10,2187970,91127831,42.0,42.05,41.4,41.7,-0.30,1120
100/03/11,2165270,90612590,41.5,42.25,41.2,41.9,+0.20,1087
100/03/14,3333140,135982199,41.6,41.8,40.3,40.3,-1.60,1625
100/03/15,5540552,210886695,40.1,40.3,37.5,37.5,-2.80,2606
100/03/16,7801903,277517651,37.0,37.6,35.0,35.3,-2.20,3512
100/03/17,7735492,281680947,35.55,37.25,35.5,36.6,+1.30,3570
100/03/18,7927660,304283982,37.0,39.15,36.9,39.15,+2.55,3593
100/03/21,6292411,251767252,39.9,40.9,39.3,40.9,+1.75,2695
100/03/22,4069125,166492525,41.2,41.5,40.5,41.0,+0.10,1866
100/03/23,2569127,105274241,41.0,41.4,40.55,41.3,+0.30,1322
100/03/24,2529911,105270917,41.6,41.9,41.4,41.5,+0.20,1327
100/03/25,2107042,86900098,42.0,42.0,40.6,40.6,-0.90,1113
100/03/28,1782216,72255182,41.0,41.0,40.3,40.45,-0.15,879
100/03/29,1410272,57198341,40.2,40.8,40.15,40.25,-0.20,626
100/03/30,1342727,54459391,40.8,40.8,40.3,40.6,+0.35,626
100/03/31,1706268,68486824,40.9,40.9,39.5,40.0,-0.60,800
100/04/01,900730,36074550,40.35,40.4,39.9,40.2,+0.20,498
100/04/06,1606820,65609060,40.2,41.3,40.2,40.8,+0.60,837
100/04/07,1733874,71058126,41.0,41.15,40.7,41.15,+0.35,845
100/04/08,2584489,106218612,41.15,41.35,40.8,41.35,+0.20,958
100/04/11,4378301,181303048,41.55,41.9,40.8,41.1,-0.25,1694
100/04/12,2403005,96490145,41.0,41.0,39.7,40.1,-1.00,1084
100/04/13,3238685,131189296,40.1,40.8,40.1,40.8,+0.70,1279
100/04/14,1972991,80359024,40.8,41.0,40.3,40.75,-0.05,808
100/04/15,5284974,217177380,40.85,41.5,40.3,40.3,-0.45,1877
100/04/18,2827134,111567349,40.5,40.55,38.9,39.0,-1.30,1490
100/04/19,2669501,101055789,38.5,38.5,37.5,38.0,-1.00,1336
100/04/20,2062181,79157763,38.6,38.7,38.15,38.3,+0.30,1212
100/04/21,2938186,113281549,38.5,39.0,38.1,38.2,-0.10,1465
100/04/22,2653541,102598694,38.05,39.0,38.05,38.75,+0.55,1399
100/04/25,1582052,60846048,38.75,38.95,38.3,38.4,-0.35,794
100/04/26,1480855,56716466,38.1,38.65,38.0,38.35,-0.05,832
100/04/27,2298258,89246030,38.6,39.2,38.5,38.6,+0.25,1219
100/04/28,1857131,71027878,38.7,38.9,37.8,37.8,-0.80,989
100/04/29,1852195,69013640,37.6,37.8,36.7,36.9,-0.90,1090
100/05/03,3868992,137311100,34.35,36.9,34.35,36.9, 0.00,1486
100/05/04,1870292,70373203,36.9,38.0,36.5,38.0,+1.10,1052
100/05/05,2055121,77614868,37.65,38.4,37.1,38.4,+0.40,1019
100/05/06,2528198,97585937,38.4,38.85,38.2,38.8,+0.40,1221
100/05/09,2674229,104158379,38.95,39.2,38.45,39.0,+0.20,1111
100/05/10,1719852,67032103,39.0,39.1,38.55,39.0, 0.00,623
100/05/11,2089998,81839267,39.0,39.7,38.8,38.85,-0.15,891
100/05/12,1043706,40362127,38.3,38.9,38.3,38.5,-0.35,488
100/05/13,2521663,98801488,38.5,39.7,38.5,38.6,+0.10,1260
100/05/16,987523,38438333,38.6,39.4,38.5,38.6, 0.00,638
100/05/17,1126826,42997826,38.6,39.0,37.75,37.75,-0.85,668
100/05/18,853754,32345046,38.0,38.3,37.65,37.8,+0.05,534
100/05/19,1479642,56716431,38.0,38.6,38.0,38.5,+0.70,785
100/05/20,1488748,56436174,38.65,38.75,36.8,37.75,-0.75,766
100/05/23,2185260,79323350,37.2,37.25,35.7,35.95,-1.80,1100
100/05/24,1371388,48952855,35.65,36.2,35.3,35.95, 0.00,726
100/05/25,897773,32242092,35.95,36.2,35.7,35.7,-0.25,560
100/05/26,1024551,36740738,36.0,36.2,35.65,35.7, 0.00,574
100/05/27,2589602,95645224,35.9,37.3,35.8,37.1,+1.40,1474
100/05/30,2130789,78203119,37.2,37.2,36.4,36.6,-0.50,1009
100/05/31,1902754,69887418,36.65,37.1,36.55,36.7,+0.10,806
100/06/01,3603510,136441620,37.8,38.1,37.5,37.55,+0.85,1933
100/06/02,2771161,105315730,37.4,38.4,37.3,37.7,+0.15,1505
100/06/03,2924085,112117287,38.2,38.85,37.75,38.2,+0.50,1347
100/06/07,1639960,62802720,38.0,38.55,38.0,38.4,+0.20,881
100/06/08,1412548,53718502,38.5,38.7,37.6,37.6,-0.80,722
100/06/09,1171483,43922959,37.6,37.8,37.1,37.3,-0.30,588
100/06/10,1505470,55524441,37.4,37.55,36.55,36.55,-0.75,806
100/06/13,1570706,56524316,36.3,36.5,35.7,35.75,-0.80,828
100/06/14,993049,35939577,36.0,36.4,35.9,36.05,+0.30,515
100/06/15,1561923,56325137,36.1,36.35,35.8,36.35,+0.30,688
100/06/16,898344,32180011,36.0,36.2,35.5,35.55,-0.80,451
100/06/17,1448893,51633134,35.6,36.2,35.05,36.2,+0.65,689
100/06/20,2837167,97025118,36.2,36.3,33.7,33.7,-2.50,1468
100/06/21,4215444,137088092,33.2,34.0,31.65,32.9,-0.80,1883
100/06/22,1582217,52702427,33.4,33.65,33.05,33.15,+0.25,864
100/06/23,1050876,34218930,33.2,33.2,32.05,32.05,-1.10,620
100/06/24,1631171,52504265,31.9,32.5,31.85,32.45,+0.40,860
100/06/27,862281,27759062,32.0,32.45,31.95,32.05,-0.40,454
100/06/28,918873,29847744,32.45,32.75,32.2,32.3,+0.25,524
100/06/29,1560849,51348428,32.9,33.2,32.5,32.9,+0.60,789
100/06/30,915527,30014827,33.0,33.05,32.65,32.8,-0.10,534
100/07/01,2182684,71506363,32.9,33.0,32.6,32.6,-0.20,977
100/07/04,2999182,94759724,32.8,32.8,30.8,31.1,-1.50,1616
100/07/05,5683695,169385559,30.8,30.8,29.4,29.55,-1.55,2675
100/07/06,5618597,166262238,29.55,30.15,29.0,29.7,+0.15,2548
100/07/07,5729621,164753467,28.4,28.95,28.4,28.9,X0.00,2288
100/07/08,4888756,145098641,29.2,29.9,29.15,29.8,+0.90,2289
100/07/11,2330675,68050150,30.0,30.0,28.7,28.8,-1.00,1203
100/07/12,4308076,116890930,28.0,28.4,26.8,26.8,-2.00,1819
100/07/13,5944670,151718694,25.5,26.7,24.95,24.95,-1.85,2524
100/07/14,6523085,166584147,24.95,26.2,24.9,25.9,+0.95,2907
100/07/15,2963452,81449118,27.2,27.7,26.8,27.7,+1.80,1121
100/07/18,7132562,200138086,28.35,28.6,27.7,27.9,+0.20,2671
100/07/19,5264852,147129504,27.35,28.35,27.1,27.95,+0.05,1719
100/07/20,3899636,110814666,28.5,28.7,28.15,28.15,+0.20,1712
100/07/21,2258400,64396856,28.5,28.85,28.15,28.4,+0.25,1123
100/07/22,3020997,91153250,29.9,30.35,29.8,30.35,+1.95,1071
100/07/25,7801647,239039056,30.8,31.2,30.2,30.7,+0.35,3513
100/07/26,4229400,131305700,30.9,31.5,30.75,30.9,+0.20,2054
100/07/27,3319077,109662038,33.0,33.05,33.0,33.05,+2.15,1069
100/07/28,22483191,775214585,33.65,35.15,33.65,35.0,+1.95,9379
100/07/29,8058004,276698078,35.0,35.05,33.7,33.7,-1.30,3596
100/08/01,5752597,196267647,34.4,34.7,33.75,33.85,+0.15,2682
100/08/02,11216304,392145115,33.75,35.9,33.2,35.7,+1.85,5243
100/08/03,5451931,190460718,35.0,35.5,34.35,34.8,-0.90,2525
100/08/04,5404442,188396291,35.4,35.95,33.6,33.6,-1.20,2771
100/08/05,1616432,50513486,31.25,31.25,31.25,31.25,-2.35,814
100/08/08,6310609,187034834,29.3,30.55,29.1,29.1,-2.15,2432
100/08/09,10991176,316546471,27.1,31.0,27.1,30.8,+1.70,3694
100/08/10,5968758,190084765,32.2,32.3,31.3,31.8,+1.00,2842
100/08/11,4200186,129777088,30.0,31.75,30.0,31.7,-0.10,1924
100/08/12,4902456,156837249,32.2,32.65,30.95,30.95,-0.75,2191
100/08/15,4270133,136996906,32.0,32.5,31.6,32.0,+1.05,2068
100/08/16,4445536,142780144,32.5,32.5,31.6,31.85,-0.15,1929
100/08/17,2924213,91383307,31.85,32.0,30.8,30.85,-1.00,1461
100/08/18,3121898,96750884,30.3,31.75,30.3,30.5,-0.35,1758
100/08/19,4941633,141349744,28.65,29.5,28.4,28.4,-2.10,1861
100/08/22,3961006,113542865,27.8,29.5,27.8,28.75,+0.35,1989
100/08/23,3124384,90356449,29.3,29.4,28.1,29.0,+0.25,1527
100/08/24,4844610,143068350,29.0,30.0,29.0,29.6,+0.60,2425
100/08/25,5690743,171553027,29.7,31.0,29.25,29.25,-0.35,2742
100/08/26,2901971,84765710,29.65,29.95,28.5,29.1,-0.15,1436
100/08/29,2566353,76576301,29.55,30.1,29.5,29.9,+0.80,1337
100/08/30,4486549,136857750,30.3,30.95,30.0,30.7,+0.80,2114
100/08/31,7469312,233660882,30.7,31.75,30.7,31.35,+0.65,3317
100/09/01,4673535,145198036,31.5,31.75,30.2,31.0,-0.35,2182
100/09/02,5800018,181002915,30.7,31.65,30.35,31.55,+0.55,2239
100/09/05,5078573,150873544,29.6,30.45,29.35,29.85,-1.70,2056
100/09/06,3477108,100612529,29.7,29.7,28.05,28.55,-1.30,1558
100/09/07,3243214,94614995,29.05,29.65,28.75,29.65,+1.10,1470
100/09/08,5675492,169488514,29.9,30.4,29.25,29.3,-0.35,1975
100/09/09,1788002,52251200,29.3,29.6,28.9,28.9,-0.40,1008
100/09/13,2447633,70847008,29.3,29.55,28.3,28.85,-0.05,1230
100/09/14,4552283,132123319,29.0,29.55,28.05,28.35,-0.50,2111
100/09/15,4009332,117346990,28.9,29.7,28.8,29.05,+0.70,1767
100/09/16,5366690,160553654,29.5,30.5,29.4,29.9,+0.85,2607
100/09/19,2649085,79245334,30.1,30.4,29.5,29.5,-0.40,1246
100/09/20,10636069,331935823,30.1,31.55,30.1,31.55,+2.05,4117
100/09/21,18282752,596899733,32.0,33.3,31.95,32.85,+1.30,7581
100/09/22,14825389,491969761,32.2,33.7,32.2,33.35,+0.50,6778
100/09/23,7140115,227348605,32.2,32.85,31.1,31.6,-1.75,3621
100/09/26,5558508,171877985,31.6,31.95,29.5,29.9,-1.70,2679
100/09/27,5200487,162847688,31.0,31.8,30.5,31.5,+1.60,2515
100/09/28,3164526,98160126,31.8,31.8,30.6,30.8,-0.70,1622
100/09/29,3056095,94672224,30.5,31.3,30.3,30.9,+0.10,1525
100/09/30,6871685,221217583,31.2,33.05,31.1,33.05,+2.15,3185
100/10/03,5545144,179506483,33.0,33.0,32.0,32.1,-0.95,2577
100/10/04,3779833,120248519,31.0,32.2,31.0,32.2,+0.10,1835
100/10/05,3598921,115793743,32.5,32.6,31.7,31.7,-0.50,1764
100/10/06,6208660,203230462,32.5,33.2,32.25,32.75,+1.05,3169
100/10/07,5141305,165580405,33.1,33.15,31.5,31.5,-1.25,2649
100/10/11,3745814,120550748,32.4,32.5,31.9,32.0,+0.50,1876
100/10/12,6352382,208448206,32.1,33.4,31.9,32.6,+0.60,3099
100/10/13,9553500,321894797,33.55,34.25,33.05,33.05,+0.45,4704
100/10/14,4126502,137208136,33.05,33.75,32.7,33.05, 0.00,2130
100/10/17,4227150,140993525,33.7,33.8,33.05,33.25,+0.20,1962
100/10/18,3166392,102976044,32.2,33.0,32.2,32.4,-0.85,1516
100/10/19,3848159,126369620,33.1,33.4,32.4,32.4, 0.00,2048
100/10/20,2733138,88326846,32.8,32.85,31.85,31.9,-0.50,1471
100/10/21,3877669,121226923,32.2,32.3,30.7,31.4,-0.50,2008
100/10/24,2741722,87380754,32.0,32.1,31.6,31.7,+0.30,1377
100/10/25,2812512,89922527,32.0,32.4,31.7,31.75,+0.05,1377
100/10/26,2727595,87043570,31.55,32.2,31.5,31.8,+0.05,1233
100/10/27,2738943,86659662,32.1,32.1,31.2,31.2,-0.60,1433
100/10/28,2787120,87233281,31.75,31.9,31.0,31.0,-0.20,1515
100/10/31,3458375,106590410,31.0,31.3,30.2,30.2,-0.80,1440
100/11/01,3493512,104544654,29.95,30.3,29.4,30.0,-0.20,1580
100/11/02,3154843,95706531,29.4,31.0,29.1,30.9,+0.90,1648
100/11/03,2045259,62008900,31.0,31.0,29.8,29.8,-1.10,1078
100/11/04,1864529,56557120,30.7,30.7,30.15,30.15,+0.35,919
100/11/07,1545095,46790198,30.45,30.6,30.0,30.05,-0.10,836
100/11/08,1951634,58846599,30.1,30.5,30.0,30.05, 0.00,1112
100/11/09,2120436,63372007,30.1,30.5,29.5,29.5,-0.55,1170
100/11/10,5169362,143857486,29.0,29.0,27.45,27.5,-2.00,2277
100/11/11,2425390,66395769,27.5,27.8,27.0,27.2,-0.30,1150
100/11/14,1908600,53335750,27.6,28.2,27.5,27.8,+0.60,1018
100/11/15,1713455,47157411,27.85,28.05,27.2,27.35,-0.45,893
100/11/16,7867911,228357141,28.1,29.25,28.1,29.25,+1.90,3516
100/11/17,11087490,325515770,29.25,29.55,28.9,29.25, 0.00,3430
100/11/18,5632019,165288201,28.85,29.7,28.85,29.15,-0.10,2208
100/11/21,4289369,118222611,29.0,29.15,27.15,27.15,-2.00,1985
100/11/22,5135018,131479753,27.0,27.3,25.25,25.25,-1.90,2375
100/11/23,5089080,124842647,24.5,25.55,23.5,23.75,-1.50,1979
100/11/24,4814982,115207459,23.5,24.55,22.8,24.0,+0.25,1916
100/11/25,3103390,74493813,24.3,24.75,23.2,23.4,-0.60,1383
100/11/28,1321171,31644788,23.9,24.15,23.75,23.95,+0.55,728
100/11/29,3943291,98799209,25.0,25.3,24.7,25.2,+1.25,1688
100/11/30,2139247,52806425,25.2,25.25,24.15,24.2,-1.00,1143
100/12/01,3957603,101074193,25.3,25.85,25.0,25.85,+1.65,1704
100/12/02,3511091,90954641,26.0,26.35,25.5,26.35,+0.50,1559
100/12/05,7128800,188622752,26.35,26.7,26.05,26.45,+0.10,2183
100/12/06,3297079,83948994,26.15,26.3,24.6,24.75,-1.70,1461
100/12/07,1810067,45215475,25.4,25.45,24.65,24.9,+0.15,1001
100/12/08,4230570,107166093,25.15,25.95,24.9,24.9, 0.00,2173
100/12/09,2290026,56499204,24.6,25.05,24.05,24.75,-0.15,1029
100/12/12,1987810,49733126,25.05,25.45,24.5,24.5,-0.25,899
100/12/13,1236300,30273002,24.3,24.8,24.2,24.3,-0.20,679
100/12/14,1711273,42197043,24.3,24.9,24.2,24.65,+0.35,880
100/12/15,1308501,31495973,24.4,24.4,23.9,23.95,-0.70,633
100/12/16,1939330,47274768,24.4,24.7,24.1,24.1,+0.15,944
100/12/19,2900015,66387682,23.95,24.0,22.45,22.45,-1.65,1316
100/12/20,1807836,40814187,22.1,22.85,22.1,22.6,+0.15,980
100/12/21,2632837,63392910,24.15,24.15,23.3,24.15,+1.55,1143
100/12/22,1151212,27473914,24.05,24.15,23.7,23.9,-0.25,588
100/12/23,2832796,69819014,24.3,24.95,24.3,24.75,+0.85,1362
100/12/26,1553331,38330855,24.75,24.9,24.55,24.6,-0.15,758
100/12/27,2707147,67273963,24.7,25.1,24.65,24.65,+0.05,1151
100/12/28,1317202,32304545,24.9,24.9,24.2,24.2,-0.45,638
100/12/29,2585489,63769549,24.2,25.05,24.1,24.55,+0.35,1267
100/12/30,6225469,155668476,24.75,25.4,24.55,24.55, 0.00,2489
101/01/02,2096090,50556560,24.65,24.65,23.7,23.8,-0.75,978
101/01/03,2890940,70633289,24.0,24.65,24.0,24.3,+0.50,1301
101/01/04,10717596,275519584,24.7,26.0,24.5,25.45,+1.15,3599
101/01/05,14881400,384317893,25.5,26.2,25.35,25.95,+0.50,4815
101/01/06,16128544,444534703,27.75,27.75,27.1,27.7,+1.75,6013
101/01/09,4821296,131951480,27.7,27.9,27.05,27.15,-0.55,2242
101/01/10,10214200,283996005,27.4,28.3,27.3,27.35,+0.20,3941
101/01/11,4993417,136026438,27.4,27.5,27.0,27.35, 0.00,2061
101/01/12,11620519,323791688,27.7,28.15,27.4,27.4,+0.05,4378
101/01/13,5180843,141017085,27.7,27.95,26.8,26.8,-0.60,2277
101/01/16,12325524,341138968,27.3,28.4,26.3,28.4,+1.60,4723
101/01/17,16601298,488716213,29.0,30.3,28.75,30.15,+1.75,6284
101/01/18,11153739,336793120,30.2,30.6,29.7,30.0,-0.15,4869
101/01/30,13317712,413883019,30.7,31.7,30.35,31.35,+1.35,5254
101/01/31,9771197,306060616,31.5,32.0,30.55,30.85,-0.50,4284
101/02/01,9327023,290966860,30.9,31.6,30.55,31.25,+0.40,3990
101/02/02,17722758,561917735,31.5,32.8,30.6,32.8,+1.55,6369
101/02/03,18307035,606041687,32.8,33.65,32.2,32.8, 0.00,7207
101/02/04,12923741,436677769,33.8,34.5,33.0,33.0,+0.20,4613
101/02/06,6216914,205726975,33.15,33.55,32.65,32.8,-0.20,2851
101/02/07,9033873,305872841,34.2,34.4,33.3,33.5,+0.70,4174
101/02/08,11671959,397598820,34.15,34.5,33.5,34.25,+0.75,4716
101/02/09,7574412,259714354,34.25,34.8,33.5,33.9,-0.35,3420
101/02/10,8099482,279118856,34.3,35.0,33.95,34.0,+0.10,3556
101/02/13,14035586,502007979,34.6,36.35,34.2,36.35,+2.35,4579
101/02/14,39683784,1525791809,37.0,38.85,37.0,38.35,+2.00,11166
101/02/15,27117020,1096247920,39.1,41.0,39.1,41.0,+2.65,8827
101/02/16,27214720,1101545690,41.0,41.8,38.5,39.6,-1.40,10750
101/02/17,28403613,1133852272,40.75,41.9,38.25,39.05,-0.55,10926
101/02/20,15268332,584941798,39.1,39.15,37.65,38.55,-0.50,6369
101/02/21,15223033,594196437,38.55,39.4,38.45,39.0,+0.45,6241
101/02/22,14172568,558055900,39.5,40.0,38.65,39.1,+0.10,6024
101/02/23,11330890,445356734,39.1,39.8,38.7,39.15,+0.05,4753
101/02/24,15334711,612817356,39.7,40.55,39.25,39.35,+0.20,6585
101/02/29,9975253,389546002,39.9,40.3,38.15,38.5,-0.85,4672
101/03/01,8949433,348618966,38.8,39.8,38.2,39.8,+1.30,4393
101/03/02,15284075,615836215,40.3,41.0,39.7,39.8, 0.00,7659
101/03/03,7215265,285180585,39.8,40.1,39.0,39.0,-0.80,3231
101/03/05,6842241,262973258,39.0,39.3,37.75,37.75,-1.25,3205
101/03/06,16843723,594493798,35.2,36.55,35.15,35.15,-2.60,5720
101/03/07,7320705,255649190,34.0,35.6,33.6,35.0,-0.15,3796
101/03/08,6510800,227878990,35.5,35.5,34.6,35.0, 0.00,3890
101/03/09,13190191,473739276,35.35,36.4,35.2,35.75,+0.75,4931
101/03/12,4196448,148627167,36.0,36.1,34.7,34.7,-1.05,2171
101/03/13,4472553,154642593,35.0,35.2,33.9,34.65,-0.05,2157
101/03/14,4066321,143303983,35.25,35.65,34.95,34.95,+0.30,2059
101/03/15,3909548,138434237,35.6,35.65,35.1,35.5,+0.55,1820
101/03/16,3251268,114988311,35.5,35.7,35.1,35.15,-0.35,1494
101/03/19,2722844,96221326,35.8,35.8,35.05,35.25,+0.10,1363
101/03/20,2789730,97961149,35.6,35.6,34.8,34.8,-0.45,1301
101/03/21,2940338,102313430,34.8,35.35,34.55,34.8, 0.00,1241
101/03/22,12353254,448185721,35.0,37.0,34.7,36.15,+1.35,4970
101/03/23,24885158,937733689,36.45,38.65,36.0,38.65,+2.50,9423
101/03/26,22762095,900544708,39.05,40.15,38.65,39.15,+0.50,8695
101/03/27,13896313,549178283,39.65,40.3,38.7,38.8,-0.35,5802
101/03/28,9881897,388774953,39.1,40.0,38.75,39.2,+0.40,4090
101/03/29,10947336,408268442,38.6,38.9,36.5,36.5,-2.70,4305
101/03/30,8331404,308224130,36.1,38.0,35.2,38.0,+1.50,3819
101/04/02,3817119,143920787,38.0,38.3,37.25,37.4,-0.60,2088
101/04/03,9173323,327883861,37.9,38.0,35.0,35.1,-2.30,3709
101/04/05,6414178,217946850,33.3,35.0,32.8,34.7,-0.40,2686
101/04/06,8524807,310551236,35.0,37.0,35.0,36.8,+2.10,3498
101/04/09,3646157,129785427,35.0,36.1,35.0,35.6,-1.20,1798
101/04/10,7003700,259883257,37.75,37.75,36.2,36.9,+1.30,2906
101/04/11,7120959,266753308,36.7,38.3,36.2,38.3,+1.40,3110
101/04/12,21340506,838951729,38.45,39.95,38.45,39.1,+0.80,8269
101/04/13,32826837,1346120499,40.8,41.55,40.55,40.9,+1.80,11144
101/04/16,25578889,1071117838,41.25,42.3,41.15,42.0,+1.10,9984
101/04/17,20755047,873569895,42.9,43.05,41.5,41.7,-0.30,8414
101/04/18,17530199,712668931,42.6,42.6,39.6,40.0,-1.70,7389
101/04/19,13939560,555020300,39.1,40.6,38.7,40.0, 0.00,5682
101/04/20,9474809,375221851,40.0,40.55,38.6,39.05,-0.95,4326
101/04/23,7274999,283205902,39.05,39.65,37.85,39.65,+0.60,3498
101/04/24,7010294,274163523,39.6,39.8,38.5,39.15,-0.50,3220
101/04/25,19394362,788716031,39.5,41.4,39.35,41.4,+2.25,8511
101/04/26,13369315,553602606,42.3,42.5,40.3,40.3,-1.10,6216
101/04/27,7251290,288708937,40.7,40.95,39.1,39.1,-1.20,3850
101/04/30,5471623,216702630,38.5,40.4,38.5,40.4,+1.30,3304
101/05/02,21681543,922684849,41.1,43.2,40.8,43.2,+2.80,7892
101/05/03,22343517,973981399,43.4,44.2,43.0,43.65,+0.45,8558
101/05/04,10919114,476103154,43.65,44.0,43.15,43.5,-0.15,5356
101/05/07,7750599,325644284,42.5,42.95,41.35,41.6,-1.90,3624
101/05/08,6919129,292523818,42.1,42.8,41.8,42.15,+0.55,3308
101/05/09,4222715,177192230,42.0,42.4,41.5,42.15, 0.00,2060
101/05/10,6779827,280698218,42.15,42.5,40.4,41.45,-0.70,3212
101/05/11,5797110,233595173,41.45,41.45,39.8,39.8,-1.65,2865
101/05/14,6760209,266727054,40.0,40.45,38.85,39.8, 0.00,3211
101/05/15,7271059,290720583,39.45,41.5,38.8,41.5,+1.70,3690
101/05/16,8765612,350512818,41.1,41.4,39.0,39.0,-2.50,4870
101/05/17,9799751,386019010,39.75,39.8,38.6,39.5,+0.50,4800
101/05/18,7883620,301643247,38.5,39.4,37.25,37.25,-2.25,3659
101/05/21,5218712,196871196,37.3,38.4,37.25,37.3,+0.05,2880
101/05/22,6210780,237787761,38.6,38.8,37.65,38.7,+1.40,3236
101/05/23,3386420,130278182,38.7,38.9,37.8,38.15,-0.55,1845
101/05/24,4997051,192509248,38.5,39.4,37.9,37.9,-0.25,2851
101/05/25,6975727,256647331,38.2,38.4,35.8,36.3,-1.60,3609
101/05/28,6393655,227658421,36.0,36.3,34.75,36.2,-0.10,3363
101/05/29,8907238,338593806,36.8,38.7,36.7,38.7,+2.50,4515
101/05/30,4382506,168911132,38.6,39.0,38.05,38.4,-0.30,2470
101/05/31,8345952,325633278,38.0,39.55,37.8,38.95,+0.55,4056
101/06/01,4201620,160438184,38.65,38.95,37.3,37.6,-1.35,2455
101/06/04,6885721,243193063,35.6,36.6,35.0,35.6,-2.00,3086
101/06/05,5802943,216169870,36.6,37.7,36.6,37.5,+1.90,3009
101/06/06,13720354,545346444,40.0,40.1,39.15,40.1,+2.60,5669
101/06/07,21567484,892969266,41.0,42.15,40.3,40.45,+0.35,9090
101/06/08,9844827,399213039,40.0,41.3,40.0,40.2,-0.25,4539
101/06/11,9196199,376947349,41.15,41.35,40.65,40.85,+0.65,3811
101/06/12,5720000,231264200,40.5,40.85,40.1,40.4,-0.45,2298
101/06/13,7083644,287680039,40.7,40.9,40.3,40.6,+0.20,3059
101/06/14,19745511,828516962,41.0,42.35,41.0,42.2,+1.60,8936
101/06/15,26723513,1165661457,42.8,44.5,42.65,44.25,+2.05,11593
101/06/18,19215658,864201084,45.3,45.7,44.25,44.8,+0.55,7877
101/06/19,17017903,771298629,44.6,45.8,44.5,45.5,+0.70,7343
101/06/20,11436415,521230722,46.0,46.15,45.1,45.5, 0.00,5053
101/06/21,14907462,653137412,44.8,45.0,42.75,43.35,-2.15,6765
101/06/22,11858020,517937381,42.8,44.25,42.55,44.25,+0.90,5838
101/06/25,5096647,222617545,43.2,44.2,43.2,43.45,-0.80,2438
101/06/26,8033326,347802022,43.45,43.85,42.9,42.9,-0.55,3282
101/06/27,4489962,193551116,42.8,43.35,42.5,43.2,+0.30,2322
101/06/28,8349326,367478556,43.9,44.45,43.65,43.85,+0.65,3896
101/06/29,6636205,291239821,44.2,44.3,43.5,43.85, 0.00,2918
101/07/02,7582294,328413242,44.1,44.25,42.5,43.2,-0.65,3438
101/07/03,9420171,410940639,43.8,44.15,42.8,43.5,+0.30,4060
101/07/04,30099557,1370017592,44.2,46.5,44.2,46.5,+3.00,11075
101/07/05,27183565,1283446544,46.8,47.65,46.8,47.0,+0.50,10576
101/07/06,18946941,898442593,47.5,48.15,46.8,47.5,+0.50,7725
101/07/09,6926795,327163846,47.6,47.65,46.8,47.3,-0.20,2984
101/07/10,12495269,568980800,47.6,47.6,44.35,44.85,-2.45,5549
101/07/11,18400007,861608373,44.85,47.9,44.85,47.8,+2.95,8706
101/07/12,10431882,493214197,48.1,48.1,46.55,46.95,-0.85,4826
101/07/13,13770071,664509258,47.8,48.95,47.5,48.2,+1.25,6204
101/07/16,10371711,494174589,49.25,49.25,46.8,47.15,-1.05,4633
101/07/17,6100721,279781566,47.15,47.15,45.2,45.9,-1.25,2997
101/07/18,6747202,316474613,47.5,47.5,46.4,46.5,+0.60,3128
101/07/19,9475193,446811039,47.0,47.9,46.1,47.75,+1.25,3874
101/07/20,8973498,417593345,46.8,46.9,46.2,46.2,X0.00,3995
101/07/23,5756653,259790114,45.8,45.8,44.35,44.85,-1.35,3017
101/07/24,11716334,537939261,44.85,46.7,44.55,46.7,+1.85,5893
101/07/25,7560562,352757154,46.3,47.45,45.9,46.1,-0.60,4314
101/07/26,6131700,281386437,46.7,46.8,45.25,45.25,-0.85,3384
101/07/27,9750351,452740511,46.2,47.2,45.7,46.2,+0.95,4935
101/07/30,12870901,612202340,47.15,48.0,46.6,47.7,+1.50,6228
101/07/31,17166593,839374848,48.35,49.25,48.35,48.9,+1.20,8129
101/08/01,8463585,414505053,48.9,49.5,48.7,48.9, 0.00,4273
101/08/03,4282350,207619542,48.6,48.8,48.1,48.7,-0.20,2310
101/08/06,6696791,327648332,49.6,49.9,48.3,48.3,-0.40,3307
101/08/07,15882209,751351691,49.0,49.4,45.8,46.45,-1.85,7791
101/08/08,9500642,440454498,46.45,46.95,45.5,46.35,-0.10,4498
101/08/09,14338472,682276399,46.8,48.5,46.15,48.1,+1.75,7000
101/08/10,8265636,398174093,48.1,48.8,47.65,47.65,-0.45,4225
101/08/13,8553990,402092878,47.65,47.9,46.5,46.6,-1.05,4185
101/08/14,6653612,311463197,46.6,47.2,46.4,47.0,+0.40,3553
101/08/15,11560358,553613752,47.3,48.6,46.7,47.7,+0.70,5920
101/08/16,9215722,444772602,47.9,48.7,47.9,48.0,+0.30,4423
101/08/17,10450795,506816130,48.5,48.9,48.1,48.15,+0.15,4596
101/08/20,4899621,236386956,48.5,48.8,47.8,47.9,-0.25,2539
101/08/21,6537304,312648319,48.0,48.6,47.2,47.4,-0.50,3205
101/08/22,4518028,214380368,47.4,47.85,47.1,47.4, 0.00,2318
101/08/23,4448194,210025568,47.4,47.8,46.9,47.0,-0.40,2475
101/08/24,4149503,194306409,46.6,47.3,46.6,46.85,-0.15,2139
101/08/27,4695667,220422228,47.0,47.3,46.7,46.9,+0.05,2056
101/08/28,10602927,504141393,46.9,48.3,46.5,47.9,+1.00,5058
101/08/29,5430961,259749536,48.2,48.35,47.5,47.6,-0.30,2820
101/08/30,5125110,243606123,47.6,48.15,47.2,47.2,-0.40,2625
101/08/31,6737620,315337863,47.35,47.45,46.2,46.9,-0.30,3139
101/09/03,7626673,363847151,47.1,48.25,46.75,47.85,+0.95,3681
101/09/04,4480025,213201777,48.0,48.15,47.2,47.2,-0.65,2362
101/09/05,3780459,179076261,47.2,47.8,47.05,47.2, 0.00,2011
101/09/06,12436490,591419323,47.2,48.2,46.8,47.1,-0.10,5632
101/09/07,25871342,1264719908,47.95,49.4,47.6,49.2,+2.10,10671
101/09/10,17825168,892097774,49.6,50.7,49.5,50.4,+1.20,7671
101/09/11,7398758,369572789,50.6,50.6,49.6,49.6,-0.80,3379
101/09/12,24600653,1277740709,50.3,53.0,50.3,53.0,+3.40,10322
101/09/13,25195873,1373485570,53.7,55.4,53.7,54.5,+1.50,10873
101/09/14,19601023,1074569342,55.5,55.6,54.1,54.3,-0.20,8274
101/09/17,10846740,588627826,54.8,55.5,53.3,54.1,-0.20,4656
101/09/18,5971112,321833706,53.6,54.5,53.3,53.9,-0.20,2860
101/09/19,13072658,714592642,53.9,55.4,53.4,55.4,+1.50,5875
101/09/20,8341372,451907128,55.4,55.4,53.4,53.6,-1.80,3826
101/09/21,5552728,297536546,54.0,54.3,53.1,53.4,-0.20,2666
101/09/24,7092930,371948899,53.0,53.2,51.8,52.7,-0.70,3251
101/09/25,5855795,308902933,52.5,53.5,52.4,52.6,-0.10,3050
101/09/26,5864044,303302861,52.0,52.4,51.2,51.5,-1.10,2679
101/09/27,5579016,287266018,51.6,52.0,50.9,51.8,+0.30,2770
101/09/28,4816982,246673959,52.1,52.1,50.8,51.8, 0.00,2353
101/10/01,8735666,461809994,52.2,53.2,51.5,53.2,+1.40,4101
101/10/02,6329127,336916787,53.5,53.7,52.6,52.6,-0.60,2849
101/10/03,24386050,1337052550,53.2,56.0,52.7,55.0,+2.40,11042
101/10/04,12693352,699769060,55.5,55.8,54.3,55.1,+0.10,5912
101/10/05,4723326,258955659,55.0,55.3,54.5,54.9,-0.20,2307
101/10/08,7089759,381995529,54.9,55.0,53.4,53.9,-1.00,2742
101/10/09,11544167,617269425,55.0,55.0,52.2,52.2,-1.70,5425
101/10/11,6247304,321465279,51.2,52.0,50.8,51.5,-0.70,2854
101/10/12,4333589,223684684,51.5,52.3,51.1,51.6,+0.10,2373
101/10/15,2778494,143422231,51.6,52.0,51.2,51.7,+0.10,1416
101/10/16,3300697,172856751,52.2,52.6,52.0,52.5,+0.80,1856
101/10/17,7319165,388198004,53.0,53.6,52.2,53.0,+0.50,3169
101/10/18,2786862,146804894,53.2,53.3,52.4,52.4,-0.60,1450
101/10/19,8624752,433519117,52.1,52.1,49.0,49.05,-3.35,4432
101/10/22,8676204,413571313,47.95,49.05,46.8,49.05, 0.00,4057
101/10/23,6975068,344594487,48.85,50.0,48.35,49.95,+0.90,3767
101/10/24,7799220,387307469,49.95,50.2,48.95,48.95,-1.00,3573
101/10/25,7287661,353809320,49.3,49.75,47.25,47.65,-1.30,3985
101/10/26,9363880,434162780,48.0,48.1,45.05,45.3,-2.35,4594
101/10/29,8649682,396812494,45.5,46.9,44.85,45.6,+0.30,4512
101/10/30,4885378,227592969,46.8,47.2,46.1,46.2,+0.60,2757
101/10/31,5831857,266283530,46.85,46.9,45.1,45.2,-1.00,2813
101/11/01,9861882,439398415,44.25,45.85,42.7,45.0,-0.20,4546
101/11/02,7834209,355671368,45.45,46.0,44.35,44.6,-0.40,3511
101/11/05,8087194,349669755,44.4,44.7,42.2,42.7,-1.90,3971
101/11/06,12952526,565622994,43.4,44.2,43.15,43.8,+1.10,6322
101/11/07,13311842,584698849,43.8,45.1,42.7,44.8,+1.00,6233
101/11/08,6377923,284202122,43.5,45.0,43.5,44.5,-0.30,3098
101/11/09,10504872,481700412,44.0,46.75,44.0,46.1,+1.60,5235
101/11/12,3683823,169283986,46.3,46.5,45.6,45.8,-0.30,2027
101/11/13,4506402,201327819,45.8,45.9,44.2,44.2,-1.60,2475
101/11/14,4199025,186779175,44.2,44.9,44.0,44.5,+0.30,2289
101/11/15,3719860,164386117,44.5,44.65,43.5,44.0,-0.50,2116
101/11/16,3735195,165772704,44.0,45.0,44.0,44.05,+0.05,2045
101/11/19,4632312,200014150,44.05,44.5,42.5,42.6,-1.45,2338
101/11/20,6357156,268125834,42.9,43.5,41.45,41.5,-1.10,3208
101/11/21,7659880,314235860,41.1,41.6,40.6,40.6,-0.90,3585
101/11/22,6952178,288241584,41.0,41.8,40.7,41.7,+1.10,3385
101/11/23,10090570,440485417,42.3,44.6,42.2,44.6,+2.90,4671
101/11/26,14755124,678536054,45.5,46.6,45.4,46.0,+1.40,6343
101/11/27,7026224,319189426,45.9,45.95,45.1,45.25,-0.75,3140
101/11/28,8041164,362165280,44.8,45.5,44.55,45.0,-0.25,3243
101/11/29,13253902,600602863,45.0,45.95,44.6,44.7,-0.30,5373
101/11/30,7808511,351320009,44.8,45.45,44.55,45.15,+0.45,3561
101/12/03,5603523,253172699,45.3,45.8,44.8,44.8,-0.35,2649
101/12/04,21447766,1003838233,44.8,47.9,44.5,47.9,+3.10,9101
101/12/05,24447433,1198447801,48.25,49.85,48.25,49.15,+1.25,9916
101/12/06,8857976,431356128,49.4,49.45,48.3,48.4,-0.75,4382
101/12/07,7080683,342154725,48.8,48.8,48.0,48.15,-0.25,3419
101/12/10,7082890,334977180,47.8,47.95,46.5,47.0,-1.15,3411
101/12/11,8855366,421801168,47.25,48.3,46.7,48.0,+1.00,4350
101/12/12,4947724,235527883,48.0,48.0,47.2,47.5,-0.50,2449
101/12/13,4882451,231927827,48.0,48.05,47.1,47.3,-0.20,2710
101/12/14,11283318,541931753,47.25,48.7,47.1,47.5,+0.20,4782
101/12/17,7175709,331741677,47.5,47.75,45.4,45.45,-2.05,3366
101/12/18,5931338,273563725,45.65,46.75,45.45,46.2,+0.75,3212
101/12/19,5637308,262487818,46.7,47.2,45.85,46.0,-0.20,2749
101/12/20,7373542,335941215,45.7,46.5,45.0,45.3,-0.70,2985
101/12/21,8763091,404676330,45.4,46.95,45.1,46.6,+1.30,4468
101/12/22,6182824,291165256,47.0,47.6,46.45,47.4,+0.80,2730
101/12/24,4267595,199970800,47.4,47.75,46.2,46.3,-1.10,2320
101/12/25,5244272,244142038,46.5,47.5,45.9,47.0,+0.70,2520
101/12/26,2850309,133542237,47.0,47.25,46.6,46.6,-0.40,1553
101/12/27,5205434,245379482,46.5,47.4,46.4,47.0,+0.40,2331
101/12/28,5044216,238808655,47.5,47.9,46.7,46.75,-0.25,2276
102/01/02,5072480,237891122,47.0,47.35,46.5,47.25,+0.50,2728
102/01/03,16819405,822865670,47.7,49.45,47.5,48.8,+1.55,7211
102/01/04,10011810,491919272,49.3,49.6,48.5,49.1,+0.30,4202
102/01/07,3671822,177984382,49.1,49.1,48.05,48.1,-1.00,1908
102/01/08,3777737,181603007,47.8,48.45,47.75,47.75,-0.35,2036
102/01/09,5157570,248641007,47.6,48.65,47.6,48.1,+0.35,2803
102/01/10,19120765,946583829,48.7,50.5,48.3,49.6,+1.50,8092
102/01/11,6671141,329950614,49.7,49.8,49.15,49.45,-0.15,2814
102/01/14,7627387,380042600,49.3,50.4,48.8,50.0,+0.55,3329
102/01/15,9089307,458418265,50.0,51.2,49.7,49.95,-0.05,3890
102/01/16,4610316,227794213,50.5,50.5,48.75,48.8,-1.15,2386
102/01/17,8680167,410450562,49.1,49.35,45.95,46.2,-2.60,4056
102/01/18,7421140,346438155,46.7,47.3,46.1,47.2,+1.00,3099
102/01/21,3311695,155464115,46.5,47.3,46.5,46.8,-0.40,1603
102/01/22,3260131,152836357,47.3,47.3,46.7,46.8, 0.00,1764
102/01/23,5921200,279332057,46.8,47.75,46.7,46.8, 0.00,3122
102/01/24,7430490,352800466,46.85,48.1,46.75,47.5,+0.70,3924
102/01/25,5567848,265859421,47.5,48.25,47.35,47.5, 0.00,2775
102/01/28,6680867,322291699,48.15,48.8,47.75,48.8,+1.30,2995
102/01/29,9679422,477612352,49.25,49.75,48.85,49.2,+0.40,4296
102/01/30,9793904,515159334,52.6,52.6,52.6,52.6,+3.40,2687
102/01/31,35264548,1917991946,54.5,55.2,53.6,54.7,+2.10,12960
102/02/01,19532520,1086579627,55.2,56.0,55.0,55.5,+0.80,7941
102/02/04,12897865,719646829,55.6,56.5,55.0,55.5, 0.00,5240
102/02/05,9621500,536157527,55.0,56.5,54.8,56.5,+1.00,3941
102/02/06,8167055,462257080,56.8,57.0,56.1,56.1,-0.40,3808
102/02/18,17156144,1006999440,56.6,60.0,56.1,60.0,+3.90,7456
102/02/19,11219221,673389960,60.0,60.7,59.5,60.1,+0.10,5350
102/02/20,15529952,950166015,60.7,62.6,59.6,61.7,+1.60,7696
102/02/21,6622795,402915395,61.7,61.7,60.0,61.0,-0.70,3014
102/02/22,6857508,412492316,61.0,61.0,59.7,60.3,-0.70,2703
102/02/23,5184771,316202867,60.9,61.4,60.5,60.8,+0.50,2469
102/02/25,5471189,332041470,61.2,61.4,59.9,60.7,-0.10,2740
102/02/26,6415956,385474560,59.8,60.6,59.7,60.0,-0.70,2101
102/02/27,12923637,794124097,60.0,62.5,59.8,62.5,+2.50,5955
102/03/01,19478842,1254156035,63.6,65.4,63.5,64.2,+1.70,7665
102/03/04,7074595,452220750,64.3,64.6,63.2,64.0,-0.20,3195
102/03/05,11995738,784027123,64.0,67.1,63.5,66.2,+2.20,5935
102/03/06,8905216,594864072,67.2,67.5,66.1,67.0,+0.80,4704
102/03/07,4782682,320233205,67.0,67.5,66.5,66.7,-0.30,2634
102/03/08,8240586,551509062,67.2,67.4,66.1,67.0,+0.30,3904
102/03/11,10498878,719440041,67.0,69.3,66.5,68.4,+1.40,4872
102/03/12,11012658,730290550,68.4,68.8,64.0,65.3,-3.10,5607
102/03/13,16860742,1066507762,65.0,65.7,62.0,62.5,-2.80,7742
102/03/14,8873538,551134502,61.8,62.8,61.1,62.5, 0.00,4046
102/03/15,11557709,732827567,62.5,64.4,62.5,63.0,+0.50,5100
102/03/18,4469563,281455927,62.7,63.5,62.1,63.4,+0.40,2455
102/03/19,8624897,551430889,64.2,64.9,62.7,63.0,-0.40,4457
102/03/20,4059620,255207520,62.9,63.6,62.2,62.4,-0.60,2413
102/03/21,13187268,801713816,61.4,62.2,59.2,62.0,-0.40,6137
102/03/22,6094515,376314843,61.8,62.6,61.2,61.2,-0.80,3137
102/03/25,6976159,438655276,61.5,64.4,61.5,64.0,+2.80,3759
102/03/26,16652189,1089681885,64.6,66.2,64.0,65.9,+1.90,7117
102/03/27,8470378,563782388,66.7,67.7,65.7,65.9, 0.00,4718
102/03/28,6278695,412945338,66.4,66.8,65.0,65.7,-0.20,3188
102/03/29,8625196,575241563,67.0,67.4,65.7,66.9,+1.20,3969
102/04/01,13196966,896060922,67.4,68.9,66.6,67.0,+0.10,5808
102/04/02,8882437,599556029,67.1,68.6,66.9,67.6,+0.60,3360
102/04/03,7352562,496653554,68.2,68.2,66.8,67.5,-0.10,3367
102/04/08,4916025,317908704,65.5,66.5,63.0,64.8,-2.70,2284
102/04/09,5287616,336468515,64.7,65.5,62.3,62.5,-2.30,2771
102/04/10,6809571,448384234,62.8,66.8,62.8,66.8,+4.30,3073
102/04/11,11763818,795982051,67.5,68.4,66.5,67.8,+1.00,5925
102/04/12,5480886,371017362,68.0,68.5,66.9,67.0,-0.80,2919
102/04/15,4635028,312590788,67.0,68.2,66.7,67.7,+0.70,2664
102/04/16,6230850,419025800,66.5,68.1,66.0,68.1,+0.40,3046
102/04/17,23393010,1652711097,68.1,72.5,67.9,71.9,+3.80,10446
102/04/18,14759701,1076916208,72.1,73.8,71.6,73.5,+1.60,7143
102/04/19,12132164,897069848,74.4,74.6,73.1,73.6,+0.10,6306
102/04/22,9270120,695649348,74.9,75.8,74.4,75.8,+2.20,4542
102/04/23,11472357,851577332,76.4,76.5,72.6,73.3,-2.50,6152
102/04/24,13082298,976095387,74.9,75.6,73.8,73.8,+0.50,6415
102/04/25,6424628,474425372,73.7,74.5,73.2,74.0,+0.20,3339
102/04/26,6062106,450779975,74.0,75.0,73.9,74.5,+0.50,3291
102/04/29,9976877,759217140,75.0,77.9,74.3,77.8,+3.30,5225
102/04/30,10945406,861640756,78.3,79.5,78.1,78.5,+0.70,5518
102/05/02,7117729,548299569,78.4,78.4,76.3,77.0,-1.50,4096
102/05/03,6162686,472888132,77.1,77.9,75.5,76.3,-0.70,3500
102/05/06,12348548,967853740,76.5,80.0,76.3,80.0,+3.70,6164
102/05/07,7572561,593997723,80.0,80.0,77.5,77.5,-2.50,4145
102/05/08,7791875,608692738,77.8,78.9,77.3,78.8,+1.30,4403
102/05/09,6430878,505911084,79.1,79.3,77.8,78.5,-0.30,3398
102/05/10,7893304,616113522,78.4,79.6,77.1,77.4,-1.10,4477
102/05/13,3987035,306805291,77.4,77.5,76.5,77.2,-0.20,2302
102/05/14,5135248,393172648,77.5,77.8,75.9,76.2,-1.00,3074
102/05/15,6497622,499033332,76.5,77.8,76.1,76.6,+0.40,3595
102/05/16,8699207,673137590,77.0,78.9,75.5,77.3,+0.70,4899
102/05/17,3299278,256208342,77.3,78.5,77.1,77.5,+0.20,2007
102/05/20,4859013,378558615,77.5,78.9,76.6,78.5,+1.00,2792
102/05/21,6572435,513728265,78.5,79.6,76.9,77.4,-1.10,3801
102/05/22,5630060,432336189,77.8,78.4,76.0,76.6,-0.80,3009
102/05/23,6303326,475023640,76.0,76.3,74.5,74.7,-1.90,3463
102/05/24,5984685,440767041,74.7,74.9,72.8,73.4,-1.30,3188
102/05/27,5280257,392553419,73.0,75.2,72.9,74.7,+1.30,3084
102/05/28,4102085,309682735,74.9,76.2,74.6,75.8,+1.10,2299
102/05/29,5923798,452134980,76.0,76.8,75.6,76.8,+1.00,3129
102/05/30,4121765,312989007,76.3,76.5,75.5,75.7,-1.10,1932
102/05/31,5394813,414258901,76.2,77.5,75.8,77.0,+1.30,2881
102/06/03,6133151,476697285,76.0,78.5,76.0,78.1,+1.10,3184
102/06/04,6123352,479467543,78.5,79.1,77.4,77.4,-0.70,3158
102/06/05,7129910,561921331,77.7,79.8,77.6,78.5,+1.10,3901
102/06/06,5491566,424673982,78.5,78.6,76.5,77.0,-1.50,2941
102/06/07,8979184,676101689,77.3,77.6,74.0,75.5,-1.50,4830
102/06/10,4249725,325021599,76.3,77.2,75.5,76.7,+1.20,2481
102/06/11,9621554,714814696,76.5,76.6,73.3,73.5,-3.20,4810
102/06/13,18547763,1296290847,73.0,73.5,68.4,68.4,-5.10,8663
102/06/14,10512421,718800655,69.2,69.5,67.5,69.0,+0.60,5357
102/06/17,6618814,463409663,69.0,70.8,68.3,70.6,+1.60,3756
102/06/18,6113456,436344542,71.0,72.4,70.5,71.6,+1.00,3378
102/06/19,5830079,415172595,71.7,72.0,70.4,70.9,-0.70,3264
102/06/20,10418157,711261907,70.0,70.4,67.1,68.6,-2.30,5621
102/06/21,6750482,454063858,66.9,68.4,65.6,66.9,-1.70,3880
102/06/24,14188121,913254291,67.1,67.6,62.3,62.6,-4.30,6997
102/06/25,13917352,848918772,62.6,63.0,59.1,60.5,-2.10,7199
102/06/26,13123050,829349831,61.5,64.7,61.4,64.7,+4.20,6756
102/06/27,8271163,546944164,66.0,66.8,65.4,66.5,+1.80,4699
102/06/28,8100755,540517416,67.0,67.5,65.7,67.5,+1.00,3957
102/07/01,7791632,536073073,67.4,69.9,67.0,69.7,+2.20,4448
102/07/02,8292884,575111235,71.0,71.1,68.3,68.6,-1.10,4571
102/07/03,8645715,572792429,68.1,68.8,64.8,65.4,-3.20,4696
102/07/04,8627943,562776232,66.1,67.0,63.5,64.2,-1.20,4494
102/07/05,12828498,787794321,63.2,64.0,60.5,61.1,-3.10,7382
102/07/08,8922013,562667932,61.1,63.9,61.1,63.5,+2.40,4882
102/07/09,9740007,614669340,62.5,64.4,61.6,63.6,+0.10,3901
102/07/10,17127962,1041042842,61.0,61.8,59.5,61.0,X0.00,7735
102/07/11,13355111,821674882,61.8,62.4,60.5,61.8,+0.80,6467
102/07/12,8535000,521231700,62.0,62.1,60.4,60.7,-1.10,4749
102/07/15,6300998,386450375,60.7,61.8,60.6,61.2,+0.50,3378
102/07/16,13358410,841936081,61.5,63.6,61.5,62.9,+1.70,7011
102/07/17,7802597,488868214,63.1,63.8,61.9,61.9,-1.00,4502
102/07/18,14539661,869145691,62.0,62.2,58.7,59.3,-2.60,8020
102/07/19,21500912,1210508936,58.9,59.0,55.2,55.2,-4.10,9845
102/07/22,17651486,981488071,55.2,56.8,54.6,55.4,+0.20,9177
102/07/23,14857730,849949272,56.0,58.3,55.9,57.1,+1.70,7862
102/07/24,6838259,390564363,57.0,57.9,56.6,56.6,-0.50,3848
102/07/25,6128051,349946709,56.6,57.8,56.6,56.8,+0.20,3178
102/07/26,18120800,1066526773,58.0,59.8,57.6,59.1,+2.30,8818
102/07/29,15631279,900935496,59.3,59.6,55.8,56.7,-2.40,8110
102/07/30,12475992,711400935,56.7,57.8,55.8,57.5,+0.80,6659
102/07/31,11660065,660227570,57.5,57.5,56.2,56.3,-1.20,5997
102/08/01,12190078,694347843,56.5,58.1,55.5,58.1,+1.80,6106
102/08/02,15940981,922461089,58.5,59.4,56.6,56.6,-1.50,7750
102/08/05,11509149,640864782,56.3,56.8,55.0,56.0,-0.60,5966
102/08/06,27878323,1517499858,55.6,55.8,53.0,55.0,-1.00,12111
102/08/07,34726811,1811881137,54.0,54.0,51.2,51.2,-3.80,12223
102/08/08,19845599,1016580249,51.0,52.1,50.5,50.7,-0.50,9587
102/08/09,12617011,648185563,50.8,52.0,50.7,51.2,+0.50,6315
102/08/12,7939924,411195683,51.5,52.3,51.3,51.3,+0.10,4264
102/08/13,10972594,565754023,51.8,52.1,50.9,51.4,+0.10,5647
102/08/14,12812577,673283174,52.0,53.4,51.8,52.0,+0.60,6851
102/08/15,6786789,352039867,51.5,52.4,51.5,51.6,-0.40,3761
102/08/16,6278317,324291553,51.2,52.1,51.2,51.4,-0.20,3378
102/08/19,4616908,239320859,51.5,52.3,51.4,51.5,+0.10,2697
102/08/20,25464356,1254697058,51.5,51.9,48.0,48.1,-3.40,11988
102/08/22,13722417,666515383,47.8,49.45,47.5,48.7,+0.60,7366
102/08/23,8809258,435385862,49.1,49.8,49.0,49.25,+0.55,4524
102/08/26,12403026,628898124,49.75,51.5,49.5,51.0,+1.75,6505
102/08/27,11429986,571667502,50.8,51.1,49.1,49.15,-1.85,5463
102/08/28,7828035,381437815,48.6,49.45,48.3,48.75,-0.40,3931
102/08/29,10314940,514208363,49.1,50.8,48.9,50.6,+1.85,5158
102/08/30,8218447,415727507,50.9,51.1,50.1,50.6, 0.00,3583
102/09/02,21230937,1114417061,51.0,53.5,51.0,52.8,+2.20,9966
102/09/03,25275571,1371768475,53.7,54.8,53.3,54.8,+2.00,11452
102/09/04,13229888,716123702,54.5,54.7,53.6,54.3,-0.50,6456
102/09/05,12206041,666360911,54.3,55.4,53.8,54.0,-0.30,6124
102/09/06,20705726,1138524740,54.0,55.6,53.8,55.1,+1.10,9109
102/09/09,12274061,671133118,55.1,55.5,54.2,54.4,-0.70,5810
102/09/10,15751562,839449986,54.9,55.3,52.2,52.7,-1.70,7835
102/09/11,12203259,632412444,52.0,52.5,51.2,52.4,-0.30,5723
102/09/12,6810392,355531056,52.0,52.8,51.9,52.1,-0.30,3468
102/09/13,21551790,1089477969,52.3,52.5,49.85,50.4,-1.70,10185
102/09/14,16988800,833548291,50.0,50.0,48.75,49.05,-1.35,7546
102/09/16,9807976,488650697,49.25,50.2,49.25,49.7,+0.65,5053
102/09/17,4956150,246411370,49.7,50.3,49.25,49.7, 0.00,2851
102/09/18,10519100,527992950,49.7,50.6,49.7,50.4,+0.70,4842
102/09/23,18703524,968574698,51.2,52.2,51.0,52.1,+1.70,8752
102/09/24,21566857,1136818788,52.4,53.1,52.2,52.4,+0.30,10057
102/09/25,13806837,708822198,52.4,52.4,50.6,51.2,-1.20,6764
102/09/26,16699395,832726504,50.9,51.1,49.3,49.6,-1.60,8217
102/09/27,9663609,477042809,49.8,50.3,48.75,49.9,+0.30,5028
102/09/30,5091110,254504060,49.3,50.6,49.3,50.4,+0.50,2903
102/10/01,7583270,383942377,50.4,51.2,49.9,50.3,-0.10,4202
102/10/02,8887510,442359962,50.3,50.8,49.4,49.65,-0.65,4557
102/10/03,11343153,564314251,49.85,50.4,49.4,49.5,-0.15,5499
102/10/04,8752048,433549509,49.5,50.2,49.15,49.35,-0.15,4115
102/10/07,15725517,759199564,49.35,49.7,47.35,48.0,-1.35,7830
102/10/08,9429466,452906418,48.0,48.65,47.5,47.7,-0.30,4850
102/10/09,19712752,914737034,47.4,47.9,45.9,46.05,-1.65,9426
102/10/11,13844134,630174330,46.75,46.8,44.45,44.65,-1.40,6745
102/10/14,18580631,799468188,44.5,45.25,41.9,42.2,-2.45,8069
102/10/15,20308888,863408387,42.65,43.6,41.6,43.6,+1.40,8934
102/10/16,7983166,343451405,43.6,43.7,42.7,42.85,-0.75,3845
102/10/17,12081407,529472558,43.5,44.2,43.1,44.0,+1.15,5733
102/10/18,28109181,1293889723,44.2,47.05,44.2,46.9,+2.90,12440
102/10/21,14319566,659122936,46.9,47.1,45.3,45.9,-1.00,6913
102/10/22,14206100,664509574,46.1,47.25,46.1,46.6,+0.70,6831
102/10/23,12299198,571593436,46.6,47.0,45.55,46.9,+0.30,6056
102/10/24,9761518,450429730,46.6,46.6,45.7,46.15,-0.75,4622
102/10/25,7691274,352202070,45.55,46.45,45.5,45.5,-0.65,4095
102/10/28,6636602,297386236,45.4,45.85,44.3,44.8,-0.70,3370
102/10/29,8262179,375807707,44.8,46.0,44.8,45.0,+0.20,4128
102/10/30,5463655,244917725,45.2,45.45,44.6,44.8,-0.20,2700
102/10/31,4245897,189806561,44.8,45.05,44.45,44.5,-0.30,2202
102/11/01,12428212,537624758,44.5,44.9,42.75,43.4,-1.10,6278
102/11/04,7807522,332297896,43.05,43.15,42.25,42.55,-0.85,4287
102/11/05,8456919,367221867,42.35,43.9,42.35,43.4,+0.85,4460
102/11/06,12644914,545965146,44.0,44.0,42.55,43.35,-0.05,5614
102/11/07,13984663,615934699,43.35,44.8,43.3,43.5,+0.15,6981
102/11/08,14567299,645178021,43.7,45.05,43.7,44.05,+0.55,7102
102/11/11,6505919,284858036,44.5,44.55,43.3,43.3,-0.75,2977
102/11/12,11036537,471996741,44.05,44.15,42.2,42.6,-0.70,5496
102/11/13,5810753,247733120,42.4,43.25,42.1,42.2,-0.40,3192
102/11/14,8001158,344055021,42.8,43.6,42.2,42.9,+0.70,4023
102/11/15,5992184,257722571,43.25,43.6,42.6,42.6,-0.30,2834
102/11/18,10173370,429268162,43.0,43.0,41.55,42.15,-0.45,5104
102/11/19,3892150,164714341,42.3,42.7,42.1,42.2,+0.05,2094
102/11/20,4378598,183809869,42.3,42.5,41.8,41.85,-0.35,2405
102/11/21,6201860,255912451,41.7,41.85,41.0,41.1,-0.75,3315
102/11/22,3332663,138239410,41.7,41.7,41.35,41.35,+0.25,1645
102/11/25,5843970,247660627,42.0,42.8,41.9,42.5,+1.15,3029
102/11/26,6735671,290298503,42.6,43.5,42.25,42.9,+0.40,3560
102/11/27,12465690,547618485,43.3,44.45,43.2,43.8,+0.90,6149
102/11/28,5541761,242103303,44.1,44.2,43.4,43.8, 0.00,2923
102/11/29,4291354,187988075,43.8,44.2,43.55,43.6,-0.20,2366
102/12/02,9900600,440340148,43.8,44.9,43.7,44.3,+0.70,4983
102/12/03,17822116,808638174,44.8,46.1,44.55,45.65,+1.35,7903
102/12/04,19204531,884171260,45.9,46.75,45.0,45.05,-0.60,8254
102/12/05,13978347,640968551,45.5,46.4,45.3,46.1,+1.05,6783
102/12/06,6760652,307855748,46.1,46.1,45.3,45.35,-0.75,3445
102/12/09,6797495,309374839,45.7,46.4,44.8,44.8,-0.55,3402
102/12/10,4756548,212310663,44.95,45.2,44.15,45.0,+0.20,2678
102/12/11,8343374,379726750,45.3,45.9,44.8,45.6,+0.60,4185
102/12/12,6010015,275566790,45.6,46.3,45.2,45.75,+0.15,3076
102/12/13,6180724,284283192,45.6,46.25,45.4,46.1,+0.35,3104
102/12/16,7808979,362053064,45.8,46.7,45.75,46.35,+0.25,3968
102/12/17,5961862,276535352,46.7,46.9,46.0,46.0,-0.35,3035
102/12/18,3607356,165606181,46.1,46.4,45.65,45.75,-0.25,1957
102/12/19,12784252,598447559,46.2,47.35,46.15,46.4,+0.65,6326
102/12/20,8957497,411180156,46.4,46.65,45.5,45.5,-0.90,4119
102/12/23,6957365,313647654,45.75,45.95,44.65,45.05,-0.45,3537
102/12/24,2682477,121577355,45.3,45.45,45.1,45.3,+0.25,1545
102/12/25,3506203,160283994,45.5,46.0,45.4,45.7,+0.40,1941
102/12/26,4475884,205826233,45.8,46.2,45.5,46.1,+0.40,2276
102/12/27,11278536,527357120,46.4,47.1,46.3,46.6,+0.50,5571
102/12/30,6704667,312712462,46.7,47.2,46.35,46.4,-0.20,3356
102/12/31,9116147,426124778,46.8,47.3,46.2,46.85,+0.45,4571
103/01/02,9376911,444098958,47.1,47.8,47.0,47.1,+0.25,4511
103/01/03,16713821,801412218,47.2,48.3,47.2,48.0,+0.90,8172
103/01/06,7529582,356749316,48.2,48.45,46.85,47.15,-0.85,3750
103/01/07,6200410,295117923,47.3,47.85,47.25,47.5,+0.35,2973
103/01/08,32104700,1596847150,48.0,50.7,48.0,50.0,+2.50,14179
103/01/09,50167263,2598673776,50.6,52.6,50.5,52.0,+2.00,20753
103/01/10,32124754,1687006508,53.4,53.8,51.1,52.0, 0.00,13492
103/01/13,13209737,689553324,53.0,53.0,51.8,52.0, 0.00,6120
103/01/14,20850062,1099429386,52.0,53.3,52.0,53.0,+1.00,9332
103/01/15,16183486,859975846,53.2,53.8,52.6,52.8,-0.20,6512
103/01/16,16815662,880423755,53.3,53.5,51.3,51.6,-1.20,6889
103/01/17,44907080,2406132747,52.5,54.9,52.3,54.5,+2.90,18282
103/01/20,41864954,2320752770,55.4,56.5,54.7,55.0,+0.50,17689
103/01/21,16871829,928099665,55.1,55.6,54.2,55.1,+0.10,7327
103/01/22,14652313,813797968,55.1,55.9,54.5,55.2,+0.10,7005
103/01/23,11887302,656753256,55.8,55.8,54.6,55.5,+0.30,4543
103/01/24,12562740,682223160,55.5,55.6,53.8,53.8,-1.70,5884
103/01/27,8893510,468375630,52.5,53.2,52.0,52.6,-1.20,4441
103/02/05,8748480,464680020,51.6,54.2,51.5,54.0,+1.40,4442
103/02/06,7124903,383834362,54.4,54.4,53.4,53.6,-0.40,3612
103/02/07,8628514,461215338,54.0,54.4,52.6,52.9,-0.70,4591
103/02/10,8634688,454345137,53.0,53.7,51.4,51.9,-1.00,4485
103/02/11,10683284,560286636,51.9,53.4,51.2,53.2,+1.30,5100
103/02/12,18399161,1001867819,53.9,55.0,53.8,54.2,+1.00,8681
103/02/13,5919549,319768116,54.3,54.4,53.6,54.3,+0.10,3103
103/02/14,14755832,802220735,54.9,55.5,53.1,53.1,-1.20,6674
103/02/17,10251394,554205100,53.7,54.8,53.1,54.6,+1.50,5400
103/02/18,12143470,666699248,55.0,55.5,54.2,54.7,+0.10,5380
103/02/19,20343513,1121075346,55.2,56.0,54.1,54.1,-0.60,8989
103/02/20,10238742,550206967,54.1,54.6,53.2,53.2,-0.90,5679
103/02/21,9033438,488958748,54.3,54.7,53.7,53.8,+0.60,4598
103/02/24,4813096,259533784,54.0,54.4,53.4,54.0,+0.20,2521
103/02/25,16265546,895479389,54.5,55.6,54.1,55.5,+1.50,7499
103/02/26,9118958,502007687,55.3,55.3,54.7,54.8,-0.70,4169
103/02/27,6523106,356614677,55.4,55.5,54.1,54.4,-0.40,3318
103/03/03,4368962,235738829,54.0,54.4,53.4,54.0,-0.40,2278
103/03/04,5856139,314422637,54.0,54.4,53.3,53.6,-0.40,2910
103/03/05,6331373,340019082,54.0,54.3,53.4,53.4,-0.20,2995
103/03/06,6516720,349916452,53.4,54.0,53.3,53.6,+0.20,2916
103/03/07,12162465,663753846,54.0,55.3,53.9,53.9,+0.30,5842
103/03/10,4827742,260198554,54.4,54.4,53.5,53.8,-0.10,2105
103/03/11,4590075,249531163,54.3,54.8,53.9,54.4,+0.60,2173
103/03/12,4410689,240041869,54.6,54.8,54.1,54.1,-0.30,2145
103/03/13,10907308,600457740,54.6,55.5,54.6,55.0,+0.90,4806
103/03/14,5005536,272423302,54.6,54.8,54.2,54.4,-0.60,2350
103/03/17,12721492,706301837,54.5,56.0,54.3,55.8,+1.40,5970
103/03/18,33582488,1936336522,56.5,58.5,56.5,57.9,+2.10,15047
103/03/19,19553607,1114901044,58.3,58.3,56.1,56.5,-1.40,8320
103/03/20,15323805,852976971,56.0,56.3,55.0,55.3,-1.20,7392
103/03/21,10195826,573235056,56.8,57.2,55.4,55.6,+0.30,5237
103/03/24,9066899,495257290,55.5,55.6,53.2,55.2,-0.40,4358
103/03/25,7106387,395287372,55.3,56.2,55.0,55.8,+0.60,3194
103/03/26,8361358,471064214,56.2,57.0,55.6,56.2,+0.40,3835
103/03/27,10388981,588323727,56.6,57.4,56.0,56.0,-0.20,4505
103/03/28,7256695,406935736,56.0,56.7,55.4,55.4,-0.60,3794
103/03/31,24329506,1413029133,57.0,58.7,57.0,58.6,+3.20,10454
103/04/01,15256333,892752907,59.0,59.1,57.8,58.6, 0.00,6725
103/04/02,23966782,1436865220,59.0,60.5,59.0,60.0,+1.40,9958
103/04/03,10204884,609977051,60.3,60.5,59.3,59.8,-0.20,4865
103/04/07,10537467,615423207,59.0,59.2,57.9,58.4,-1.40,5016
103/04/08,9907142,582472844,58.7,59.5,58.2,58.5,+0.10,4952
103/04/09,5885796,344473090,58.7,59.1,58.0,58.7,+0.20,2969
103/04/10,7169462,416898858,59.1,59.3,57.5,57.6,-1.10,3901
103/04/11,9929800,561603765,56.7,57.3,55.7,57.0,-0.60,5280
103/04/14,12169205,710953990,57.6,59.0,57.6,58.0,+1.00,6143
103/04/15,7394486,431271438,58.2,58.9,57.7,58.5,+0.50,4039
103/04/16,5105998,296402884,58.5,58.7,57.7,58.0,-0.50,2843
103/04/17,11119415,657296001,58.4,59.8,58.2,59.6,+1.60,5672
103/04/18,6919483,409411136,59.9,60.0,58.8,59.0,-0.60,3586
103/04/21,3555818,208223730,59.0,59.2,58.1,59.1,+0.10,2159
103/04/22,4868555,287262790,59.1,59.3,58.5,59.3,+0.20,2411
103/04/23,8435304,495806351,59.5,59.6,58.3,58.5,-0.80,3668
103/04/24,9649951,566238554,59.0,59.8,57.6,57.8,-0.70,4565
103/04/25,12064746,678632512,58.4,58.4,54.8,56.1,-1.70,5773
103/04/28,6304057,350822701,54.5,56.5,54.4,56.2,+0.10,3485
103/04/29,6326380,356677125,56.4,57.0,56.1,56.3,+0.10,3038
103/04/30,5758473,321015036,56.5,56.9,54.8,55.8,-0.50,2919
103/05/02,4103421,230607476,56.7,56.7,55.8,56.0,+0.20,1980
103/05/05,3184440,178774880,56.0,56.5,55.7,56.5,+0.50,1563
103/05/06,7059532,404904478,57.0,57.9,57.0,57.0,+0.50,4022
103/05/07,4214822,240032219,57.3,57.6,56.5,56.6,-0.40,2404
103/05/08,2928141,166126359,57.0,57.1,56.5,56.5,-0.10,1484
103/05/09,5240947,292198935,56.6,56.9,55.1,55.6,-0.90,2470
103/05/12,6182125,338794181,55.1,55.5,54.2,54.8,-0.80,2682
103/05/13,7186520,389417893,55.0,55.3,53.4,53.8,-1.00,3398
103/05/14,6807451,360550054,53.5,54.0,52.5,53.0,-0.80,3528
103/05/15,5539606,293936356,53.0,53.7,52.5,53.2,+0.20,2876
103/05/16,3550783,187660688,53.0,53.5,52.2,53.5,+0.30,1770
103/05/19,3398410,183313622,53.6,54.3,53.6,54.1,+0.60,1765
103/05/20,4271540,231648831,54.5,54.8,53.7,53.7,-0.40,2108
103/05/21,3760886,199479733,53.5,53.5,52.7,53.0,-0.70,1879
103/05/22,4406342,237851301,53.1,54.3,53.1,54.0,+1.00,2299
103/05/23,8287010,455715748,55.0,55.4,54.5,55.0,+1.00,3812
103/05/26,9350412,525097774,55.4,56.5,55.4,56.5,+1.50,4604
103/05/27,9504822,539541789,57.0,57.1,55.9,56.5, 0.00,4435
103/05/28,7875509,449086457,56.5,57.5,56.5,56.8,+0.30,3330
103/05/29,5146397,292214642,57.3,57.5,56.3,56.4,-0.40,2570
103/05/30,7748339,442163585,56.9,57.5,56.5,57.2,+0.80,4030
103/06/03,6109956,348970416,57.7,58.0,56.3,56.4,-0.80,3113
103/06/04,4109381,233378098,56.4,57.3,56.4,56.4, 0.00,2492
103/06/05,8246047,473082300,57.1,57.8,56.8,57.3,+0.90,4021
103/06/06,25431911,1508351761,58.0,60.4,57.6,59.9,+2.60,11328
103/06/09,13144313,788272878,60.6,60.7,59.3,59.6,-0.30,6074
103/06/10,6079376,359037314,59.6,59.8,58.6,58.9,-0.70,2944
103/06/11,13793018,832610670,59.0,61.2,59.0,59.8,+0.90,6229
103/06/12,8290674,495304628,60.0,60.2,59.2,59.7,-0.10,3701
103/06/13,5198738,306686563,59.4,59.6,58.7,58.9,-0.80,2740
103/06/16,6485045,381324955,59.0,59.5,58.1,59.0,+0.10,3105
103/06/17,5283815,314444785,59.5,60.2,58.9,58.9,-0.10,2587
103/06/18,6966346,407506927,59.1,59.2,58.1,58.2,-0.70,3139
103/06/19,4612556,272727834,59.0,59.7,58.5,59.0,+0.80,2070
103/06/20,10911471,653335872,59.4,60.4,59.2,59.7,+0.70,4602
103/06/23,10606688,618203155,60.0,60.1,57.1,57.4,-2.30,4715
103/06/24,4000075,229435485,57.5,57.8,57.0,57.3,-0.10,2279
103/06/25,4283506,243370384,57.1,57.2,56.6,56.6,-0.70,2451
103/06/26,4647178,264333298,57.0,57.2,56.6,56.7,+0.10,2201
103/06/27,3555447,202636409,56.9,57.3,56.6,57.1,+0.40,1691
103/06/30,2773645,159421863,57.4,57.7,57.2,57.7,+0.60,1444
103/07/01,6072502,353194916,57.7,58.8,57.7,58.0,+0.30,3387
103/07/02,11142988,638316399,58.6,58.6,56.2,57.0,-1.00,4726
103/07/03,10254418,585829743,57.0,57.7,56.1,57.5,+0.50,3655
103/07/04,6194831,356434826,57.5,58.3,56.8,57.5, 0.00,3093
103/07/07,10528471,585937524,56.6,56.6,54.9,55.5,-2.00,5303
103/07/08,6224926,342625451,55.4,55.8,54.5,55.8,+0.30,3198
103/07/09,5553800,304661345,55.5,55.5,54.6,54.7,-1.10,2882
103/07/10,4141733,229612848,54.7,55.9,54.7,55.9,+1.20,1736
103/07/11,4685166,257422530,55.7,55.7,54.5,54.8,-1.10,2320
103/07/14,3990352,219871123,55.4,55.5,54.9,55.1,+0.30,1760
103/07/15,7917360,438232129,55.1,55.5,55.1,55.4,+0.30,3067
103/07/16,7575393,398043902,52.2,52.9,52.1,52.6,X0.00,3525
103/07/17,3866826,202746210,52.7,53.3,51.9,52.1,-0.50,2096
103/07/18,3222166,166576143,51.6,52.1,51.3,51.5,-0.60,1645
103/07/21,2540153,131092396,51.7,52.0,51.4,51.6,+0.10,1444
103/07/22,3307681,170905223,51.8,52.0,51.5,51.9,+0.30,1608
103/07/24,2344441,121815562,52.0,52.4,51.7,51.8,-0.10,1270
103/07/25,2486588,128610184,51.9,52.3,51.5,51.7,-0.10,1497
103/07/28,3796956,194442732,51.7,51.9,50.8,51.0,-0.70,1855
103/07/29,6115016,304656368,51.1,51.5,48.65,49.3,-1.70,2637
103/07/30,5206335,262176944,49.8,51.1,49.8,50.2,+0.90,2865
103/07/31,5840654,288593943,50.2,50.5,48.85,49.1,-1.10,2850
103/08/01,3825959,186257668,48.0,49.4,47.8,49.3,+0.20,1826
103/08/04,1563550,77332475,49.3,49.7,49.0,49.4,+0.10,810
103/08/05,3522221,171486591,49.4,49.4,48.1,48.6,-0.80,2374
103/08/06,4600753,219004694,48.7,49.05,46.9,47.75,-0.85,2703
103/08/07,2832417,134789693,47.95,48.15,47.2,47.3,-0.45,1637
103/08/08,2741104,128043515,47.0,47.3,46.3,46.8,-0.50,1580
103/08/11,2995169,143890240,47.0,48.6,47.0,48.5,+1.70,1798
103/08/12,4832600,238668560,49.0,49.85,48.95,48.95,+0.45,2581
103/08/13,1539171,75289999,49.0,49.2,48.7,49.15,+0.20,957
103/08/14,3440213,169503951,49.5,49.85,48.55,48.55,-0.60,1792
103/08/15,6187967,307820928,48.55,50.3,48.55,50.3,+1.75,3251
103/08/18,3899080,195016650,50.6,50.8,49.7,49.9,-0.40,2070
103/08/19,3465234,172949150,50.0,50.3,49.35,49.8,-0.10,2039
103/08/20,6734572,342327434,50.3,51.3,50.1,50.9,+1.10,3282
103/08/21,4234828,212690411,51.0,51.0,49.7,50.1,-0.80,2135
103/08/22,2821215,141782565,50.5,50.6,50.1,50.1, 0.00,1625
103/08/25,2131480,107485892,50.1,50.8,50.1,50.3,+0.20,1389
103/08/26,3307990,168213190,50.4,51.1,50.3,50.5,+0.20,1714
103/08/27,5304929,272301842,51.0,51.7,50.7,51.4,+0.90,2504
103/08/28,7084358,368973166,52.0,52.8,51.5,51.5,+0.10,3334
103/08/29,2226194,113920586,51.2,51.5,50.8,51.3,-0.20,1220
103/09/01,2228166,115104409,51.5,52.1,51.3,51.3, 0.00,1185
103/09/02,4180110,216516976,52.0,52.2,51.4,51.4,+0.10,2356
103/09/03,3914081,198542208,51.5,51.7,50.1,50.8,-0.60,2402
103/09/04,1507865,76237068,50.3,51.0,50.3,50.3,-0.50,916
103/09/05,1462472,73889475,50.5,50.8,50.3,50.8,+0.50,862
103/09/09,1539403,77753927,51.1,51.2,50.1,50.2,-0.60,912
103/09/10,2082299,103575226,50.1,50.2,49.45,50.0,-0.20,1188
103/09/11,1259951,63048846,50.0,50.4,49.8,49.8,-0.20,815
103/09/12,1798518,88797933,50.0,50.1,49.1,49.2,-0.60,1039
103/09/15,1411791,69333174,48.7,49.6,48.7,48.9,-0.30,904
103/09/16,1893762,92116652,49.0,49.1,48.35,48.5,-0.40,1056
103/09/17,1302151,63986811,48.75,49.35,48.75,49.15,+0.65,864
103/09/18,890645,43926160,49.3,49.5,49.0,49.25,+0.10,548
103/09/19,5400720,274479141,49.6,51.6,49.6,51.6,+2.35,2651
103/09/22,6946908,357969616,51.6,52.0,51.0,51.0,-0.60,3268
103/09/23,2434402,123911719,51.2,51.4,50.6,50.6,-0.40,1407
103/09/24,2898545,147484824,50.5,51.4,50.5,50.5,-0.10,1506
103/09/25,2543772,128774355,51.0,51.2,50.1,50.5, 0.00,1526
103/09/26,3393049,170933265,50.1,51.0,49.75,50.5, 0.00,1758
103/09/29,9893378,511920441,50.9,52.4,50.5,52.2,+1.70,4626
103/09/30,4612306,238121038,52.1,52.1,51.1,51.8,-0.40,2501
103/10/01,3388016,173808007,51.5,51.9,50.9,50.9,-0.90,1772
103/10/02,2660470,135629462,50.5,51.4,50.4,51.1,+0.20,1498
103/10/03,14904211,784280989,51.6,53.2,51.5,52.6,+1.50,6818
103/10/06,4566432,240146474,52.9,52.9,52.3,52.5,-0.10,2272
103/10/07,2949652,153530929,52.1,52.3,51.7,52.1,-0.40,1619
103/10/08,3331853,172683626,51.8,52.3,51.5,51.5,-0.60,1545
103/10/09,4441423,228668180,52.2,52.7,50.3,50.9,-0.60,2251
103/10/13,5700193,274175607,48.1,48.8,47.6,47.8,-3.10,2875
103/10/14,3030634,145287791,47.8,48.3,47.45,47.95,+0.15,1515
103/10/15,3584060,170652087,48.0,48.6,47.1,47.2,-0.75,1951
103/10/16,4918402,224826994,46.4,46.95,44.3,46.6,-0.60,2497
103/10/17,3296520,152977521,47.4,47.4,45.7,46.15,-0.45,1552
103/10/20,1403006,65975278,47.35,47.35,46.85,46.9,+0.75,855
103/10/21,1397221,65743437,47.2,47.45,46.8,47.0,+0.10,851
103/10/22,2333498,110425601,47.95,47.95,47.0,47.1,+0.10,1323
103/10/23,1255640,59227295,47.0,47.55,47.0,47.0,-0.10,709
103/10/24,1307194,60987310,47.2,47.3,46.3,46.45,-0.55,808
103/10/27,2256277,102257884,46.8,46.8,44.7,45.0,-1.45,1216
103/10/28,1786747,82106530,45.6,46.5,45.5,46.5,+1.50,1118
103/10/29,3024495,144058949,46.8,48.0,46.7,47.8,+1.30,1812
103/10/30,1320753,62979344,47.8,48.0,47.25,48.0,+0.20,772
103/10/31,1562676,75052492,48.0,48.3,47.7,48.1,+0.10,944
103/11/03,3391345,165667163,48.5,49.4,48.25,48.65,+0.55,1927
103/11/04,1346238,65641031,48.95,49.0,48.55,48.7,+0.05,819
103/11/05,1288898,62428600,48.9,49.0,48.2,48.3,-0.40,870
103/11/06,1501840,72204786,48.3,48.5,47.6,47.8,-0.50,1110
103/11/07,1063220,51158051,48.0,48.4,47.8,48.05,+0.25,805
103/11/10,2064390,99153204,48.1,48.5,47.8,47.8,-0.25,1352
103/11/11,2867430,135565311,47.9,48.0,46.95,47.15,-0.65,1586
103/11/12,2259570,105246471,46.55,46.9,46.35,46.65,-0.50,1397
103/11/13,2483205,115252439,46.65,47.05,45.9,46.3,-0.35,1381
103/11/14,3093700,141175250,46.3,46.3,45.35,45.55,-0.75,1706
103/11/17,1317600,59953596,45.9,45.9,45.25,45.35,-0.20,858
103/11/18,1745347,78540165,45.45,45.8,44.75,44.85,-0.50,1013
103/11/19,8581974,371302336,45.0,45.4,41.9,42.2,-2.65,3729
103/11/20,6029733,257500852,42.1,43.35,42.1,43.35,+1.15,2969
103/11/21,2478701,107948821,43.5,43.8,43.1,43.8,+0.45,1476
103/11/24,2146482,94796101,44.3,44.45,43.85,43.9,+0.10,1199
103/11/25,1551460,67868521,43.9,44.0,43.45,43.6,-0.30,913
103/11/26,1438266,63225521,43.6,44.2,43.5,43.8,+0.20,784
103/11/27,3217014,143476417,43.9,44.6,43.9,44.4,+0.60,1418
103/11/28,2414766,106208240,44.5,44.65,43.7,43.9,-0.50,1206
103/12/01,1658487,72425795,43.0,44.3,42.9,43.75,-0.15,889
103/12/02,2431600,106409200,43.75,44.0,43.5,43.7,-0.05,1112
103/12/03,3887011,172228731,43.8,44.65,43.8,44.35,+0.65,1752
103/12/04,3725765,166038418,44.7,44.9,44.15,44.5,+0.15,1688
103/12/05,3976409,177682080,44.7,44.9,44.25,44.65,+0.15,1810
103/12/08,3170808,140290821,44.7,44.8,43.75,43.9,-0.75,1654
103/12/09,2876104,127324694,43.6,44.6,43.6,44.6,+0.70,1590
103/12/10,4194402,189040055,44.45,45.6,44.45,44.75,+0.15,2246
103/12/11,1525604,68241049,44.5,45.0,44.3,44.55,-0.20,990
103/12/12,2516610,113600698,44.9,45.35,44.8,45.25,+0.70,1402
103/12/15,6581456,302698664,45.0,46.65,44.95,46.1,+0.85,3627
103/12/16,4014282,183901927,46.2,46.5,45.5,45.5,-0.60,2252
103/12/17,2880510,129466250,45.75,45.8,44.55,44.55,-0.95,1744
103/12/18,2947972,132622851,45.2,45.5,44.5,44.5,-0.05,1589
103/12/19,3234555,144328930,45.15,45.25,43.85,44.1,-0.40,1549
103/12/22,1516103,67828441,44.1,44.95,44.1,44.85,+0.75,701
103/12/23,1536160,69271529,45.0,45.3,44.9,45.15,+0.30,818
103/12/24,2545924,115938743,45.25,45.75,45.25,45.35,+0.20,1298
103/12/25,1542554,70466382,45.45,45.95,45.4,45.55,+0.20,838
103/12/26,1664578,75890151,45.75,45.95,45.35,45.6,+0.05,885
103/12/27,6046649,281554461,45.7,47.15,45.7,47.15,+1.55,2937
103/12/29,6340015,300590498,47.35,47.8,47.05,47.05,-0.10,3070
103/12/30,3078471,143910215,47.05,47.25,46.35,46.65,-0.40,1419
103/12/31,5359305,255136465,46.5,48.1,46.45,48.05,+1.40,2315
104/01/05,2684038,128190273,48.05,48.05,47.45,47.7,-0.35,1431
104/01/06,2681960,126212661,47.05,47.4,46.8,47.0,-0.70,1478
104/01/07,3886546,185841778,47.0,48.2,46.95,48.0,+1.00,2201
104/01/08,9051944,441773176,49.0,49.15,48.55,48.55,+0.55,3633
104/01/09,9296054,460149676,49.9,49.9,49.0,49.0,+0.45,4284
104/01/12,2649180,129069228,49.3,49.3,48.3,48.6,-0.40,1528
104/01/13,2885738,140957104,48.2,49.3,48.2,49.2,+0.60,1335
104/01/14,2285593,112100166,49.8,49.8,48.8,48.8,-0.40,1244
104/01/15,2415078,118290343,49.0,49.45,48.7,48.7,-0.10,1251
104/01/16,2587767,124837416,48.7,49.1,48.0,48.0,-0.70,1488
104/01/19,1929233,92323780,48.5,48.7,47.3,47.4,-0.60,1092
104/01/20,5270811,257286289,47.6,49.25,47.6,49.0,+1.60,2970
104/01/21,2976181,145047324,49.2,49.25,48.3,48.5,-0.50,1638
104/01/22,3262255,159992815,48.6,49.5,48.55,48.9,+0.40,1640
104/01/23,2643856,129417246,49.5,49.5,48.55,48.55,-0.35,1351
104/01/26,1136556,55349370,48.55,48.9,48.5,48.6,+0.05,630
104/01/27,1866989,91500407,49.2,49.3,48.7,48.7,+0.10,1033
104/01/28,1761582,85780428,48.4,49.1,48.3,48.55,-0.15,1055
104/01/29,1671039,81645157,48.55,49.15,48.55,48.7,+0.15,927
104/01/30,7140194,354284752,49.1,50.0,48.65,49.8,+1.10,3258
104/02/02,13688102,693478927,50.3,51.3,50.0,50.4,+0.60,6268
104/02/03,16564006,856970788,51.2,52.4,51.0,51.9,+1.50,7386
104/02/04,14851160,785028840,53.0,53.5,52.2,52.2,+0.30,6698
104/02/05,6359955,334287420,52.6,53.0,52.2,52.6,+0.40,3038
104/02/06,5705421,295910492,52.7,52.9,51.5,51.7,-0.90,3000
104/02/09,4375411,228681427,52.3,52.8,51.5,52.3,+0.60,2273
104/02/10,3635261,189881572,52.3,52.8,51.8,52.0,-0.30,1957
104/02/11,3500257,181173717,52.2,52.4,51.3,51.3,-0.70,2057
104/02/12,3352317,172861610,51.3,52.1,51.0,52.0,+0.70,1851
104/02/13,4847477,252550000,52.5,52.6,51.6,51.6,-0.40,2450
104/02/24,3106009,161039042,52.0,52.3,51.3,51.8,+0.20,1547
104/02/25,11178792,591517026,52.0,53.3,51.6,53.2,+1.40,5055
104/02/26,7864132,417240513,53.2,53.4,52.4,53.2, 0.00,3812
104/03/02,7913786,423024227,53.5,53.9,52.8,53.5,+0.30,3560
104/03/03,13054772,708522485,53.9,55.0,53.5,54.7,+1.20,5853
104/03/04,13254261,720673179,54.9,55.0,54.0,54.1,-0.60,6497
104/03/05,6762569,365112270,54.0,54.3,53.6,54.0,-0.10,3225
104/03/06,11980733,657053545,54.0,55.2,53.9,54.8,+0.80,5957
104/03/09,5568200,303595724,54.5,54.9,54.2,54.6,-0.20,2883
104/03/10,6174340,340507557,54.8,55.7,54.6,55.0,+0.40,3354
104/03/11,5182014,285030170,54.3,55.3,54.3,55.0, 0.00,2675
104/03/12,8802653,488514962,55.3,56.2,54.6,54.7,-0.30,4292
104/03/13,6778486,373972816,55.1,55.6,54.8,55.0,+0.30,3223
104/03/16,3914899,216970480,55.3,55.8,55.2,55.4,+0.40,2176
104/03/17,8994490,501286066,55.8,56.2,55.1,55.8,+0.40,3615
104/03/18,6981847,390613632,56.1,56.4,55.5,56.0,+0.20,3460
104/03/19,7967713,445043928,56.4,56.4,55.2,56.1,+0.10,3843
104/03/20,3222778,180110518,56.1,56.2,55.6,55.6,-0.50,2047
104/03/23,5030830,277670850,55.6,55.9,54.8,55.3,-0.30,2500
104/03/24,6097111,340874415,55.3,56.2,55.2,55.8,+0.50,2719
104/03/25,4449423,245916665,55.8,55.9,54.9,55.0,-0.80,2413
104/03/26,3516016,192146080,54.5,55.2,54.3,54.5,-0.50,2112
104/03/27,3153801,171225008,54.5,54.9,53.8,54.5, 0.00,1802
104/03/30,6475756,345034079,54.5,54.7,51.9,53.7,-0.80,3299
104/03/31,4987554,265625216,54.0,54.0,52.7,53.5,-0.20,2543
104/04/01,2370911,125980039,53.2,53.5,52.9,52.9,-0.60,1325
104/04/02,3810801,204062077,53.0,54.0,53.0,53.8,+0.90,2061
104/04/07,3075413,164445515,54.0,54.1,53.2,53.3,-0.50,1974
104/04/08,5361652,281994182,53.3,53.3,52.1,52.4,-0.90,2887
104/04/09,3144895,165040098,52.1,53.2,52.1,52.3,-0.10,1720
104/04/10,4609919,238985288,52.1,52.4,51.5,51.7,-0.60,2430
104/04/13,1913182,99708220,52.0,52.5,51.7,52.0,+0.30,1253
104/04/14,1958767,101867007,52.0,52.4,51.8,51.8,-0.20,1202
104/04/15,1939179,100464863,52.2,52.3,51.3,51.6,-0.20,1216
104/04/16,4695505,246012508,51.7,53.2,51.6,52.6,+1.00,2831
104/04/17,2337575,121693156,52.6,52.7,51.8,51.8,-0.80,1572
104/04/20,4303415,217760142,51.3,51.6,50.0,50.3,-1.50,2369
104/04/21,3244663,163405408,50.5,51.3,50.0,50.2,-0.10,1989
104/04/22,5059604,253822589,50.1,50.8,49.6,50.5,+0.30,2489
104/04/23,2946510,150075459,50.7,51.3,50.5,51.0,+0.50,1670
104/04/24,2562471,130938521,51.0,51.6,50.8,50.8,-0.20,1464
104/04/27,2208660,113003751,51.0,51.4,50.9,51.2,+0.40,1129
104/04/28,1962441,100083297,51.2,51.5,50.7,50.7,-0.50,1083
104/04/29,2419384,121586089,50.4,50.7,50.1,50.1,-0.60,1330
104/04/30,2083614,104877305,50.1,50.7,50.0,50.4,+0.30,1187
104/05/04,2409407,120961148,50.6,50.6,50.0,50.0,-0.40,1150
104/05/05,2277758,113650616,50.0,50.5,49.7,49.85,-0.15,1137
104/05/06,3224654,160561992,49.5,50.3,49.4,50.1,+0.25,1867
104/05/07,1240181,61737581,50.1,50.1,49.65,49.65,-0.45,744
104/05/08,7736405,373879759,49.2,49.35,47.7,48.15,-1.50,4259
104/05/11,5626395,264307315,48.5,48.6,45.8,46.7,-1.45,2708
104/05/12,3986766,189594468,46.95,48.15,46.9,48.0,+1.30,2286
104/05/13,3959427,192421341,48.0,49.45,47.55,48.6,+0.60,2295
104/05/14,3082638,146299810,47.5,47.8,47.15,47.4,-1.20,1702
104/05/15,1898081,89774729,47.4,47.9,47.0,47.1,-0.30,1063
104/05/18,3176424,146777999,47.1,47.4,45.7,46.1,-1.00,1854
104/05/19,2291142,106404653,46.1,46.95,46.1,46.5,+0.40,1403
104/05/20,3399380,159063260,46.5,47.4,46.15,47.3,+0.80,1963
104/05/21,6630269,302497594,45.5,45.95,45.25,45.55,-1.75,3679
104/05/22,10393776,471008746,45.5,46.2,44.25,45.85,+0.30,6200
104/05/25,2860137,130311377,45.95,46.05,45.05,45.4,-0.45,1750
104/05/26,3864240,175346919,45.45,45.85,44.7,45.2,-0.20,2427
104/05/27,3503176,157512148,44.8,45.4,44.7,44.8,-0.40,2236
104/05/28,7266711,334617657,45.15,46.8,45.1,46.65,+1.85,4262
104/05/29,5122953,236070575,46.65,46.8,45.8,45.8,-0.85,2676
104/06/01,4331545,200587840,45.8,46.6,45.8,46.35,+0.55,2488
104/06/02,5792204,269361312,46.35,47.1,46.0,46.5,+0.15,3360
104/06/03,9414884,444218230,46.7,47.5,46.7,47.1,+0.60,4453
104/06/04,7041491,324294498,47.1,47.4,45.35,45.4,-1.70,4013
104/06/05,5249708,236507023,45.4,45.9,44.2,45.4, 0.00,2890
104/06/08,4182461,187257395,44.5,45.3,44.3,45.0,-0.40,2516
104/06/09,6368975,274433100,44.5,44.9,41.2,41.25,-3.75,3234
104/06/10,4206410,176714200,41.0,42.5,41.0,42.3,+1.05,2509
104/06/11,3855002,161173833,42.35,42.95,41.3,41.75,-0.55,2128
104/06/12,3510182,144684630,40.5,41.8,40.5,41.2,-0.55,2201
104/06/15,2835232,117937041,41.2,41.85,40.8,41.75,+0.55,1653
104/06/16,2877269,120769671,41.75,42.25,41.5,42.1,+0.35,1460
104/06/17,3408747,144093746,42.1,42.5,42.0,42.5,+0.40,1990
104/06/18,3461247,149347292,42.6,43.65,42.5,43.15,+0.65,1868
104/06/22,2720721,119342417,43.65,44.2,43.2,44.0,+0.85,1620
104/06/23,3192871,139902872,44.7,44.7,43.3,43.3,-0.70,1995
104/06/24,1695036,73400064,43.6,43.65,43.1,43.3, 0.00,757
104/06/25,3132863,137096486,43.35,44.1,43.35,43.55,+0.25,1817
104/06/26,1839036,79813663,43.4,43.7,43.25,43.45,-0.10,830
104/06/29,4388693,185380091,42.7,43.0,41.75,42.0,-1.45,2324
104/06/30,2506721,107865872,42.2,43.5,42.0,43.0,+1.00,1544
104/07/01,3789859,167620661,43.5,44.5,43.3,44.4,+1.40,2134
104/07/02,3087959,136827430,44.95,44.95,43.95,44.05,-0.35,1884
104/07/03,1969650,85989869,44.1,44.1,43.35,43.6,-0.45,1271
104/07/06,1675343,72655664,43.6,43.95,43.0,43.1,-0.50,1094
104/07/07,1234417,53403372,43.5,43.6,42.7,43.35,+0.25,846
104/07/08,4482037,187224840,43.0,43.05,41.2,41.7,-1.65,2297
104/07/09,2513171,103078342,40.5,41.7,40.2,41.7, 0.00,1379
104/07/13,1580756,66634012,42.5,42.5,42.0,42.0,+0.30,878
104/07/14,1632201,69154812,42.1,42.7,42.0,42.0, 0.00,947
104/07/15,1375019,57600648,42.5,42.5,41.7,41.7,-0.30,808
104/07/16,1415615,59148814,42.1,42.1,41.6,41.6,-0.10,879
104/07/17,1758261,73133991,41.75,41.9,41.2,41.3,-0.30,968
104/07/20,2389629,98191939,41.65,42.0,40.65,40.75,-0.55,1388
104/07/21,2985557,120715558,41.0,41.1,40.2,40.3,-0.45,1587
104/07/22,5990003,236104409,40.3,40.3,38.95,39.0,-1.30,3351
104/07/23,4923864,176439625,35.9,36.3,35.4,35.6,X0.00,2608
104/07/24,3583623,124469775,35.6,36.1,34.2,34.5,-1.10,1815
104/07/27,6928207,226704832,34.1,34.4,31.5,32.0,-2.50,2970
104/07/28,3423500,111283199,32.0,32.95,31.9,32.7,+0.70,1966
104/07/29,1828621,59328543,32.8,32.95,32.15,32.55,-0.15,1081
104/07/30,3043745,100794090,32.6,33.55,32.3,33.25,+0.70,1869
104/07/31,1601348,52656284,33.5,33.5,32.7,32.9,-0.35,763
104/08/03,2672460,86152463,32.9,32.9,31.7,32.05,-0.85,1365
104/08/04,4273747,138873623,32.35,33.1,32.1,32.2,+0.15,2137
104/08/05,7843139,237614087,30.15,31.4,29.35,31.4,-0.80,3649
104/08/06,4667130,141437272,31.3,31.3,30.05,30.6,-0.80,2555
104/08/07,2981716,90257623,30.05,30.6,30.05,30.3,-0.30,1371
104/08/10,2446352,75302050,30.2,31.3,30.2,31.0,+0.70,1314
104/08/11,2271260,70401785,31.5,31.6,30.35,30.5,-0.50,1390
104/08/12,1931050,58830339,30.2,30.75,30.1,30.65,+0.15,1162
104/08/13,1306050,40037077,30.7,31.0,30.35,30.7,+0.05,711
104/08/14,1453663,45247833,31.0,31.5,30.65,31.35,+0.65,914
104/08/17,2433810,74452729,31.0,31.1,30.2,30.5,-0.85,1114
104/08/18,1526823,47017080,30.5,31.1,30.5,30.75,+0.25,993
104/08/19,2500821,76062837,30.75,30.95,30.25,30.45,-0.30,1277
104/08/20,2235236,68451551,30.45,31.05,30.2,30.75,+0.30,1125
104/08/21,3451750,104047534,30.4,30.5,30.0,30.0,-0.75,1611
104/08/24,5126892,143428464,30.0,30.0,27.05,27.5,-2.50,2284
104/08/25,2849561,79078369,25.2,28.8,25.2,28.8,+1.30,1506
104/08/26,2065598,60569590,28.8,29.8,28.6,29.8,+1.00,1046
104/08/27,5497317,175360161,30.8,32.75,30.4,32.4,+2.60,3223
104/08/28,3874792,127501772,33.4,33.4,32.4,32.65,+0.25,2038
104/08/31,1635901,52930607,32.65,32.65,32.05,32.55,-0.10,838
104/09/01,1104300,35917724,32.1,32.8,32.1,32.6,+0.05,765
104/09/02,1781000,57480100,32.4,32.6,32.0,32.4,-0.20,980
104/09/03,4119857,137478538,32.6,33.95,32.3,33.8,+1.40,2458
104/09/04,2987670,98515510,33.5,33.7,32.1,32.15,-1.65,1704
104/09/07,1063343,34208462,32.0,32.45,31.8,32.15, 0.00,750
104/09/08,1099178,35752999,32.3,32.85,32.3,32.4,+0.25,752
104/09/09,6226953,210513336,33.1,34.35,32.7,34.2,+1.80,3289
104/09/10,4348811,149740941,33.85,35.0,33.5,34.65,+0.45,2240
104/09/11,8680451,307581085,35.35,36.15,34.8,34.8,+0.15,4400
104/09/14,4346742,154214278,35.35,35.95,34.75,35.8,+1.00,3103
104/09/15,1987829,70397565,36.25,36.3,35.0,35.0,-0.80,1197
104/09/16,2215301,78250125,35.6,35.8,34.95,35.15,+0.15,1539
104/09/17,3984185,143388195,35.7,36.55,35.3,36.2,+1.05,2333
104/09/18,2916835,106720241,36.7,36.85,36.3,36.4,+0.20,1510
104/09/21,1793494,63845608,36.2,36.2,35.4,35.4,-1.00,992
104/09/22,2056661,73591093,35.45,36.15,35.45,35.7,+0.30,1132
104/09/23,1285159,45160100,35.1,35.5,35.0,35.05,-0.65,786
104/09/24,2093887,71824150,35.1,35.35,33.6,34.0,-1.05,1171
104/09/25,1289957,43783083,34.0,34.35,33.5,34.2,+0.20,763
104/09/30,1337116,45235910,33.8,34.0,33.5,34.0,-0.20,644
104/10/01,1794606,62108413,34.55,34.9,34.4,34.55,+0.55,1000
104/10/02,2127306,73431310,34.55,34.75,34.2,34.6,+0.05,1043
104/10/05,2418388,85765525,34.9,35.85,34.8,35.6,+1.00,1498
104/10/06,3643402,131932022,36.5,37.0,35.5,35.5,-0.10,1911
104/10/07,2257452,81072301,35.55,36.25,35.4,35.65,+0.15,1372
104/10/08,2848243,101867196,36.0,36.5,35.15,35.2,-0.45,1410
104/10/12,1270542,45271561,35.6,35.8,35.2,35.7,+0.50,858
104/10/13,1796276,64245223,35.2,36.2,35.2,36.15,+0.45,1061
104/10/14,2864220,103844660,36.15,36.5,35.65,36.05,-0.10,1427
104/10/15,2216400,80406437,36.5,36.75,36.0,36.0,-0.05,1173
104/10/16,3037191,111039882,36.2,37.0,36.05,37.0,+1.00,1385
104/10/19,2034374,74509059,37.2,37.25,36.35,36.35,-0.65,1137
104/10/20,1637591,59910416,36.6,36.95,36.25,36.4,+0.05,1082
104/10/21,2088164,76225739,36.4,36.9,36.2,36.4, 0.00,1281
104/10/22,7189529,268491417,36.3,37.8,36.3,37.7,+1.30,3778
104/10/23,3955515,148406357,38.5,38.5,37.0,37.0,-0.70,2207
104/10/26,1475221,54973712,37.5,37.6,37.0,37.0, 0.00,888
104/10/27,2048560,76202028,37.5,37.6,36.9,36.95,-0.05,1164
104/10/28,1657596,61108502,37.1,37.3,36.6,36.65,-0.30,1069
104/10/29,1656245,60585966,36.9,37.1,36.3,36.3,-0.35,991
104/10/30,2510486,90485438,36.45,36.75,35.85,36.0,-0.30,1284
104/11/02,2038227,73258069,36.0,36.35,35.65,35.8,-0.20,1379
104/11/03,4218304,156592075,36.3,37.65,36.3,37.6,+1.80,2383
104/11/04,7600862,292076579,38.25,38.95,37.8,38.85,+1.25,4124
104/11/05,3143358,121001241,38.4,38.8,38.0,38.5,-0.35,1815
104/11/06,2495453,94591011,38.5,38.65,37.65,37.9,-0.60,1419
104/11/09,2000562,75051052,38.4,38.4,37.0,37.2,-0.70,1323
104/11/10,1113613,41355213,37.0,37.4,36.65,37.25,+0.05,769
104/11/11,1874569,69126070,37.5,37.65,36.6,36.7,-0.55,1091
104/11/12,1683121,61471210,37.0,37.3,36.05,36.15,-0.55,1060
104/11/13,1714652,62235372,36.15,36.75,35.8,36.0,-0.15,1083
104/11/16,1957252,70246253,35.5,36.6,35.2,36.25,+0.25,1323
104/11/17,3230236,120714215,37.0,37.8,36.6,37.8,+1.55,1765
104/11/18,1280320,47840630,37.9,37.9,37.0,37.2,-0.60,826
104/11/19,1246360,46710647,37.5,37.8,37.25,37.35,+0.15,796
104/11/20,1055195,39279182,37.5,37.55,37.0,37.05,-0.30,729
104/11/23,920403,34410785,37.5,37.7,37.05,37.4,+0.35,584
104/11/24,1691447,62347009,37.2,37.6,36.4,36.45,-0.95,1015
104/11/25,1777632,65210199,36.8,37.2,36.45,36.45, 0.00,970
104/11/26,4844185,183173280,37.15,38.2,36.9,38.0,+1.55,2527
104/11/27,2596010,97922019,38.2,38.2,37.3,37.6,-0.40,1494
104/11/30,1882819,69429740,37.3,37.3,36.6,36.7,-0.90,1042
104/12/01,1516435,56195195,37.0,37.45,36.75,37.2,+0.50,953
104/12/02,10831625,424626350,37.3,40.9,37.3,40.75,+3.55,5262
104/12/03,8771082,353073338,40.6,40.8,39.6,40.0,-0.75,4413
104/12/04,10324988,422476604,39.8,41.8,39.4,40.6,+0.60,5682
104/12/07,14463512,617895686,41.6,43.5,41.5,42.7,+2.10,7182
104/12/08,13192409,580491949,44.8,44.8,43.3,43.3,+0.60,6673
104/12/09,9097158,390185705,43.6,44.0,41.85,43.25,-0.05,4921
104/12/10,5879885,253923358,43.5,43.8,42.45,43.35,+0.10,3254
104/12/11,16275242,729500223,44.0,45.75,43.05,43.05,-0.30,8503
104/12/14,6554849,280472605,42.35,43.8,41.5,42.6,-0.45,3777
104/12/15,14110795,633306767,43.3,45.7,43.3,45.7,+3.10,7584
104/12/16,14270549,661133691,47.0,47.5,44.8,44.8,-0.90,7368
104/12/17,9379296,429493569,45.0,46.4,45.0,46.3,+1.50,5374
104/12/18,11968155,561685869,46.25,47.6,45.85,46.6,+0.30,6343
104/12/21,7199567,337492673,47.0,47.35,46.3,46.95,+0.35,4123
104/12/22,5354164,249157717,47.0,47.0,46.0,46.75,-0.20,3149
104/12/23,13096957,606771652,47.05,48.0,45.1,45.25,-1.50,6683
104/12/24,9050176,410331931,46.25,46.4,44.5,44.6,-0.65,5168
104/12/25,5557641,249682211,44.6,45.8,43.85,45.8,+1.20,3322
104/12/28,2802080,127675917,46.0,46.25,45.05,45.05,-0.75,1780
104/12/29,5343934,245202325,45.5,46.3,45.3,45.7,+0.65,3346
104/12/30,3377010,154974754,46.0,46.55,45.55,45.55,-0.15,2042
104/12/31,2557913,116915376,45.7,46.0,45.3,45.8,+0.25,1398
105/01/04,5052407,231260932,46.5,46.5,45.1,45.1,-0.70,2979
105/01/05,6003519,268800215,45.15,45.4,44.1,44.55,-0.55,3440
105/01/06,5922340,259183538,45.2,45.4,43.1,43.2,-1.35,3370
105/01/07,5243092,226484637,43.5,43.95,42.5,43.4,+0.20,3130
105/01/08,8285839,355618083,43.3,43.65,42.1,43.0,-0.40,4858
105/01/11,5015120,211205740,42.7,42.75,41.1,41.8,-1.20,2723
105/01/12,3226594,134827754,42.05,42.75,41.0,41.0,-0.80,2138
105/01/13,4956357,201835397,41.75,41.95,39.85,40.35,-0.65,2751
105/01/14,3372370,131605330,39.5,39.55,38.7,38.8,-1.55,2075
105/01/15,3160115,125079887,39.7,40.15,39.05,39.05,+0.25,1749
105/01/18,3382650,136217540,38.45,41.45,38.3,41.3,+2.25,1939
105/01/19,2455581,100657868,41.1,41.4,40.6,41.4,+0.10,1498
105/01/20,3326320,133507214,41.45,41.7,39.2,39.2,-2.20,1945
105/01/21,1971460,77332506,39.2,39.85,38.65,38.95,-0.25,1149
105/01/22,1691262,66336930,39.5,39.95,38.8,38.95, 0.00,1052
105/01/25,2449230,97856672,39.15,40.3,39.15,39.8,+0.85,1410
105/01/26,1665540,66514436,39.65,40.25,39.5,40.0,+0.20,950
105/01/27,2313382,92981772,40.4,40.45,39.9,39.9,-0.10,1599
105/01/28,6452678,266584338,39.6,41.9,39.6,41.9,+2.00,3599
105/01/29,4977190,209400781,41.9,42.4,41.35,42.2,+0.30,2723
105/01/30,3236474,137155423,42.65,42.8,42.0,42.4,+0.20,1595
105/02/01,2277089,95836256,42.35,42.5,41.8,42.0,-0.40,1333
105/02/02,1487542,62253194,41.5,42.1,41.5,41.75,-0.25,1125
105/02/03,2079172,85970739,41.6,41.8,41.15,41.15,-0.60,1353
105/02/15,1523475,62217188,40.6,41.4,40.2,41.0,-0.15,1082
105/02/16,3448512,145712102,42.1,42.75,41.6,42.1,+1.10,2043
105/02/17,2793597,116005606,41.75,42.0,41.1,41.4,-0.70,1828
105/02/18,2076263,85781831,41.6,41.9,41.05,41.3,-0.10,1369
105/02/19,2768148,114953691,41.3,42.1,41.15,41.3, 0.00,1702
105/02/22,5394532,228753546,41.7,43.15,41.35,43.15,+1.85,3098
105/02/23,6912795,300096545,43.6,44.3,42.55,42.7,-0.45,3791
105/02/24,2980563,126010200,42.5,42.95,42.0,42.0,-0.70,1792
105/02/25,9189124,398253907,42.75,44.1,42.55,42.85,+0.85,4616
105/02/26,3759600,161046498,43.1,43.6,42.4,42.9,+0.05,2118
105/03/01,7903829,347111676,43.05,44.4,42.95,44.15,+1.25,3978
105/03/02,9962920,445413391,45.55,45.55,43.7,43.7,-0.45,4864
105/03/03,3029012,131306712,43.95,44.15,42.8,43.1,-0.60,1800
105/03/04,5148998,219179986,43.0,43.05,42.35,42.5,-0.60,2933
105/03/07,4411702,185873061,42.35,42.7,41.8,42.2,-0.30,2485
105/03/08,4172783,172863716,41.85,42.0,41.05,41.55,-0.65,2404
105/03/09,4287174,176179260,41.5,41.55,40.95,41.1,-0.45,2083
105/03/10,3442260,142229986,41.25,41.65,41.05,41.1, 0.00,1648
105/03/11,2639978,109273619,41.1,41.65,41.1,41.65,+0.55,1343
105/03/14,2505409,105420306,42.1,42.5,41.65,41.95,+0.30,1393
105/03/15,4144118,170926840,41.95,41.95,40.9,40.95,-1.00,2007
105/03/16,9258239,370880322,40.95,40.95,39.4,39.8,-1.15,5057
105/03/17,8543957,332629547,40.0,40.25,38.3,38.35,-1.45,4795
105/03/18,5188412,199129914,38.35,38.85,38.0,38.7,+0.35,3080
105/03/21,4050298,158091006,38.9,39.65,38.4,39.0,+0.30,2400
105/03/22,2061025,79842945,39.1,39.1,38.5,38.8,-0.20,1188
105/03/23,2130519,82573565,38.95,39.05,38.45,38.8, 0.00,1240
105/03/24,1676743,65308712,38.8,39.25,38.55,39.05,+0.25,1070
105/03/25,2482830,95758539,39.25,39.25,38.1,38.2,-0.85,1406
105/03/28,1397807,53462477,38.25,38.5,38.0,38.15,-0.05,923
105/03/29,1598457,61130839,38.2,38.75,38.0,38.2,+0.05,1059
105/03/30,1369574,52889939,38.5,38.8,38.5,38.65,+0.45,856
105/03/31,1004474,38897921,39.1,39.1,38.5,38.5,-0.15,650
105/04/01,1757073,67685658,38.7,38.8,38.3,38.45,-0.05,1045
105/04/06,2950652,112592326,39.1,39.1,37.8,37.9,-0.55,1919
105/04/07,4811103,177498235,37.85,37.85,36.45,36.5,-1.40,3117
105/04/08,2538364,91681504,36.0,36.4,35.8,36.1,-0.40,1523
105/04/11,2858935,105599969,36.5,37.4,36.4,37.3,+1.20,1884
105/04/12,3311470,121385830,37.6,37.65,36.15,36.3,-1.00,1978
105/04/13,2663497,97183301,36.3,36.8,36.25,36.7,+0.40,1540
105/04/14,2682300,99317450,37.0,37.35,36.75,36.75,+0.05,1495
105/04/15,5322267,190807406,36.55,36.6,35.4,35.55,-1.20,3321
105/04/18,2387639,84653506,35.05,35.95,34.8,35.55, 0.00,1550
105/04/19,2209536,78447469,35.7,36.05,35.15,35.25,-0.30,1317
105/04/20,3546409,123676265,35.25,35.7,34.3,34.8,-0.45,2374
105/04/21,2189353,75840029,35.0,35.15,34.35,34.5,-0.30,1444
105/04/22,3271435,111188664,34.35,34.85,33.1,33.65,-0.85,1986
105/04/25,2767907,94800995,33.55,34.8,33.55,34.8,+1.15,1426
105/04/26,2273805,78313420,34.9,35.1,34.2,34.25,-0.55,1389
105/04/27,1480953,51073726,34.4,34.75,34.25,34.45,+0.20,986
105/04/28,2169086,73340483,34.35,34.45,33.55,33.6,-0.85,1367
105/04/29,1707363,57004557,33.6,33.8,33.2,33.45,-0.15,1026
105/05/03,1781061,59078673,33.5,33.75,32.9,33.0,-0.45,946
105/05/04,3142707,102978231,33.0,33.45,32.2,32.3,-0.70,1534
105/05/05,2551710,83524944,32.35,33.3,32.25,32.85,+0.55,1328
105/05/06,3062395,102256621,33.05,33.7,32.85,33.45,+0.60,1526
105/05/09,2692159,90798337,33.8,34.15,33.4,33.5,+0.05,1523
105/05/10,1450347,48552362,33.2,33.9,33.1,33.65,+0.15,911
105/05/11,2321103,78694912,33.95,34.45,33.6,33.7,+0.05,1337
105/05/12,1768050,59250785,33.3,33.75,33.3,33.65,-0.05,939
105/05/13,7442000,237371488,33.8,33.85,31.05,31.85,-1.80,3512
105/05/16,2341593,75108176,31.5,32.5,31.5,32.0,+0.15,1335
105/05/17,2385200,78005750,32.4,33.4,32.1,33.1,+1.10,1456
105/05/18,2007903,66407367,33.1,33.35,32.6,33.1, 0.00,1265
105/05/19,957154,31539845,33.2,33.25,32.75,32.75,-0.35,678
105/05/20,1905233,61500705,32.9,33.0,31.9,32.45,-0.30,1179
105/05/23,2614426,87504680,32.7,33.85,32.5,33.6,+1.15,1571
105/05/24,3258255,111697602,34.0,34.7,33.75,34.3,+0.70,1825
105/05/25,2447479,85275619,35.2,35.2,34.5,34.6,+0.30,1453
105/05/26,1487349,51743223,34.45,35.1,34.45,34.7,+0.10,856
105/05/27,6197351,206611487,34.1,34.1,32.7,33.55,-1.15,3685
105/05/30,2332859,77800207,33.3,33.6,33.0,33.6,+0.05,1487
105/05/31,3237546,110557288,34.0,34.45,33.9,34.05,+0.45,1795
105/06/01,5421121,188887107,34.55,35.2,34.4,34.7,+0.65,3040
105/06/02,2836167,98193175,34.85,35.15,34.3,34.45,-0.25,1646
105/06/03,2066451,71302302,34.55,34.8,34.1,34.65,+0.20,1181
105/06/04,3296614,116063318,34.9,35.45,34.65,35.3,+0.65,1688
105/06/06,2672232,93482620,35.45,35.5,34.55,35.1,-0.20,1580
105/06/07,2813528,99476184,35.3,35.8,35.05,35.1, 0.00,1618
105/06/08,2173761,75810785,35.25,35.3,34.6,34.9,-0.20,1273
105/06/13,2781465,94186601,34.5,34.5,33.45,33.8,-1.10,1644
105/06/14,2136872,72595719,33.75,34.3,33.6,34.2,+0.40,1395
105/06/15,1782344,61087046,34.5,34.65,34.05,34.2, 0.00,1290
105/06/16,2260276,76147946,34.2,34.25,33.55,33.55,-0.65,1420
105/06/17,1736400,58542999,33.75,34.1,33.5,33.55, 0.00,980
105/06/20,1088790,36874910,33.6,34.05,33.6,33.85,+0.30,789
105/06/21,1380650,47056412,34.15,34.2,33.95,34.2,+0.35,819
105/06/22,1226186,42042706,34.05,34.4,34.05,34.35,+0.15,723
105/06/23,1461205,50343699,34.35,34.6,34.3,34.4,+0.05,875
105/06/24,4956388,170856486,34.8,35.15,33.6,33.75,-0.65,2598
105/06/27,1219642,41353328,33.5,34.1,33.5,34.0,+0.25,781
105/06/28,3667211,127925224,34.4,35.15,34.1,35.15,+1.15,1964
105/06/29,5520102,198505459,36.0,36.4,35.45,35.45,+0.30,2952
105/06/30,4403345,157493223,35.85,36.05,35.3,35.75,+0.30,2277
105/07/01,2205301,78912392,36.1,36.15,35.6,35.6,-0.15,1246
105/07/04,7211385,263236795,35.8,37.0,35.5,37.0,+1.40,3740
105/07/05,3433867,125942580,37.0,37.0,36.4,36.9,-0.10,1723
105/07/06,3651335,133533076,37.1,37.1,36.25,36.25,-0.65,1884
105/07/07,4468396,164302481,36.5,37.1,36.45,37.0,+0.75,2364
105/07/11,4694442,175520304,37.6,37.8,37.15,37.15,+0.15,2376
105/07/12,3096537,113981133,37.3,37.35,36.4,36.5,-0.65,1864
105/07/13,2296405,83724258,36.8,36.85,36.1,36.5, 0.00,1429
105/07/14,2394989,87866142,36.5,37.1,36.3,36.6,+0.10,1222
105/07/15,3088270,113435562,36.85,37.0,36.5,36.55,-0.05,1542
105/07/18,2477315,91621187,37.1,37.2,36.8,36.8,+0.25,1450
105/07/19,3340200,123967118,37.0,37.4,36.8,37.1,+0.30,1797
105/07/20,1686881,62101061,37.1,37.1,36.65,36.8,-0.30,1010
105/07/21,3446421,128396599,37.1,37.5,37.0,37.4,+0.60,1820
105/07/22,2007348,75010592,37.5,37.55,37.25,37.4, 0.00,1020
105/07/25,4289897,163169011,37.8,38.7,37.65,37.7,+0.30,2302
105/07/26,1546349,57932465,37.6,37.8,37.3,37.35,-0.35,937
105/07/27,2076073,77679016,37.7,37.8,37.1,37.3,-0.05,1127
105/07/28,2578502,97209119,37.35,38.1,37.25,37.55,+0.25,1454
105/07/29,3199876,121406948,38.1,38.3,37.7,37.8,+0.25,1718
105/08/01,1864214,70521198,38.0,38.0,37.6,37.95,+0.15,1034
105/08/02,2338150,89024361,38.05,38.4,37.75,38.1,+0.15,1198
105/08/03,1855159,70050585,37.95,38.0,37.55,37.7,-0.40,1164
105/08/04,1763835,66771779,37.8,38.2,37.65,37.7, 0.00,930
105/08/05,3925496,150014241,38.2,38.55,37.9,37.9,+0.20,2179
105/08/08,2769370,105838193,38.5,38.55,38.05,38.05,+0.15,1453
105/08/09,3005477,114316124,38.05,38.45,37.55,37.55,-0.50,1822
105/08/10,6891675,264858030,38.2,38.8,38.0,38.8,+1.25,3274
105/08/11,11521060,453343385,39.0,39.9,38.8,39.0,+0.20,5898
105/08/12,6639801,263492363,39.8,39.95,39.35,39.55,+0.55,3748
105/08/15,9463121,383889761,39.95,41.0,39.85,41.0,+1.45,5145
105/08/16,8559332,355425854,41.6,42.0,41.2,41.45,+0.45,4468
105/08/17,4561266,186750382,41.75,41.75,40.7,40.95,-0.50,3040
105/08/18,2681432,109690430,41.0,41.2,40.7,40.85,-0.10,1549
105/08/19,3703823,152120756,41.2,41.45,40.75,41.05,+0.20,2187
105/08/22,2980023,120727565,41.3,41.45,40.1,40.25,-0.80,1699
105/08/23,2937410,119535947,40.4,41.2,40.2,41.1,+0.85,1671
105/08/24,2669180,109263284,41.35,41.5,40.7,40.7,-0.40,1605
105/08/25,4345820,179525619,41.0,41.6,40.75,41.45,+0.75,2412
105/08/26,2588325,106549027,41.55,41.55,40.75,40.95,-0.50,1582
105/08/29,1956216,80350925,40.95,41.3,40.8,41.15,+0.20,1168
105/08/30,2173546,89704800,41.5,41.55,41.15,41.15, 0.00,1327
105/08/31,2217122,90946101,41.2,41.45,40.7,41.05,-0.10,1202
105/09/01,4947950,204378445,41.5,41.65,41.05,41.05, 0.00,2805
105/09/02,4982250,200244600,41.2,41.2,39.6,39.95,-1.10,2409
105/09/05,2846471,114817818,40.5,40.5,40.2,40.4,+0.45,1641
105/09/06,7290262,301814907,41.9,42.0,40.95,41.05,+0.65,3938
105/09/07,7622064,313129971,41.3,41.4,40.9,41.1,+0.05,3378
105/09/08,5817208,230405517,39.45,39.9,39.4,39.55,X0.00,3067
105/09/09,2613887,102679122,39.55,39.7,39.15,39.2,-0.35,1594
105/09/10,1936540,74433288,38.05,38.65,38.05,38.5,-0.70,1032
105/09/12,2419347,92989452,38.6,38.95,38.2,38.25,-0.25,1226
105/09/13,3889982,146614474,38.5,38.65,37.15,37.25,-1.00,2142
105/09/14,2019882,75597802,37.25,37.65,37.15,37.65,+0.40,1086
105/09/19,2607480,99204143,37.85,38.3,37.75,38.05,+0.40,1255
105/09/20,1631999,62097055,38.05,38.45,37.9,37.95,-0.10,926
105/09/21,1796013,68542094,38.0,38.35,37.8,38.3,+0.35,1038
105/09/22,1252072,47888696,38.5,38.6,38.1,38.1,-0.20,803
105/09/23,1147527,43801297,38.25,38.4,38.05,38.1, 0.00,611
105/09/26,1091550,41403593,37.95,38.3,37.7,37.7,-0.40,678
105/09/29,1882408,70645655,38.0,38.0,37.4,37.4,-0.30,1232
105/09/30,3091706,114113895,37.2,37.35,36.7,36.85,-0.55,1775
105/10/03,2865196,104987636,37.05,37.35,36.3,36.45,-0.40,1829
105/10/04,3403395,126237284,36.7,37.5,36.7,37.5,+1.05,1948
105/10/05,5369536,204615145,37.6,38.4,37.5,38.3,+0.80,3056
105/10/06,4310828,164722112,38.5,38.6,38.05,38.05,-0.25,2345
105/10/07,3353535,126186273,38.15,38.25,37.2,37.4,-0.65,1835
105/10/11,3251556,119529519,37.65,37.7,36.5,36.5,-0.90,1819
105/10/12,2309116,84679601,36.5,36.95,36.45,36.9,+0.40,1447
105/10/13,2956576,107399945,36.9,36.9,36.05,36.2,-0.70,1733
105/10/14,2477057,88527783,36.2,36.4,35.35,35.85,-0.35,1474
105/10/17,1300508,46134954,35.85,35.85,35.15,35.65,-0.20,812
105/10/18,1136706,40908840,35.75,36.15,35.55,35.9,+0.25,750
105/10/19,2189849,79506306,35.95,36.55,35.95,36.45,+0.55,1228
105/10/20,1128049,40869467,36.45,36.5,36.1,36.1,-0.35,736
105/10/21,2142150,77196398,36.1,36.3,36.0,36.0,-0.10,624
105/10/24,774859,28014935,36.05,36.35,36.0,36.1,+0.10,586
105/10/25,1625375,58753258,36.15,36.4,35.9,36.3,+0.20,1112
105/10/26,945657,34263379,36.4,36.45,36.1,36.1,-0.20,586
105/10/27,1762200,64353000,36.15,36.9,36.15,36.25,+0.15,1035
105/10/28,808940,29230834,36.4,36.4,36.05,36.05,-0.20,509
105/10/31,1027509,36783924,36.0,36.0,35.7,35.75,-0.30,577
105/11/01,619830,22181880,35.75,35.95,35.6,35.9,+0.15,445
105/11/02,1713881,60605644,35.9,35.9,35.0,35.15,-0.75,936
105/11/03,1937150,66918280,35.15,35.3,34.3,34.45,-0.70,1081
105/11/04,1767452,60110128,34.0,34.3,33.7,34.1,-0.35,978
105/11/07,1674420,57076362,33.9,34.35,33.9,34.0,-0.10,886
105/11/08,1135613,38658501,34.5,34.5,33.9,33.95,-0.05,642
105/11/09,2768103,91158931,34.1,34.2,31.55,32.5,-1.45,1545
105/11/10,1614404,53474281,33.1,33.4,33.0,33.3,+0.80,1053
105/11/11,1256834,41323410,33.3,33.3,32.65,32.65,-0.65,644
105/11/14,1617554,52038061,32.95,32.95,31.9,32.15,-0.50,1040
105/11/15,1157308,37281768,32.15,32.45,31.9,32.2,+0.05,798
105/11/16,1072889,34967282,32.75,32.75,32.4,32.7,+0.50,788
105/11/17,2355210,75017287,32.3,32.3,31.7,31.7,-1.00,1543
105/11/18,2446345,76588057,31.55,31.55,31.05,31.5,-0.20,1655
105/11/21,1993306,62164305,31.3,31.4,30.9,31.4,-0.10,1164
105/11/22,2557500,81665447,31.4,32.25,31.4,32.25,+0.85,1612
105/11/23,1359956,43475792,32.3,32.3,31.8,31.9,-0.35,955
105/11/24,1878560,60441296,32.05,32.35,31.9,32.1,+0.20,994
105/11/25,1028114,32957061,32.3,32.3,31.95,32.0,-0.10,659
105/11/28,1121515,36281655,32.1,32.6,32.1,32.4,+0.40,688
105/11/29,885503,28779219,32.85,32.85,32.35,32.4, 0.00,634
105/11/30,2815525,92882675,32.75,33.3,32.65,32.95,+0.55,1608
105/12/01,1010973,33213807,33.0,33.1,32.75,32.75,-0.20,608
105/12/02,1104021,35846031,32.85,32.85,32.3,32.55,-0.20,760
105/12/05,820304,26655828,32.75,32.85,32.3,32.35,-0.20,545
105/12/06,1357358,44111471,32.4,32.75,32.35,32.35, 0.00,862
105/12/07,1024220,33142035,32.6,32.6,32.15,32.35, 0.00,687
105/12/08,6658314,224975462,32.6,34.5,32.5,34.15,+1.80,3712
105/12/09,3097554,106041271,34.3,34.4,34.1,34.25,+0.10,1771
105/12/12,2388310,80736101,34.2,34.45,33.45,33.6,-0.65,1338
105/12/13,1121139,37730932,33.6,33.8,33.55,33.6, 0.00,634
105/12/14,1190324,40087462,33.8,34.0,33.6,33.6, 0.00,713
105/12/15,1043200,34814915,33.5,33.55,33.25,33.5,-0.10,667
105/12/16,1676307,57002851,33.85,34.2,33.8,34.05,+0.55,975
105/12/19,947372,32013008,34.3,34.3,33.55,33.65,-0.40,565
105/12/20,657416,22117574,33.9,33.9,33.55,33.6,-0.05,451
105/12/21,699111,23550394,33.65,33.85,33.55,33.75,+0.15,505
105/12/22,2428752,82647950,33.85,34.5,33.45,33.45,-0.30,1465
105/12/23,1035876,34627407,33.4,33.65,33.3,33.35,-0.10,586
105/12/26,516382,17266404,33.35,33.8,33.35,33.35, 0.00,314
105/12/27,322218,10775701,33.4,33.55,33.4,33.4,+0.05,239
105/12/28,845080,28547791,33.9,33.9,33.65,33.7,+0.30,511
105/12/29,681111,23033341,33.85,33.95,33.75,33.75,+0.05,410
105/12/30,5652761,195976390,33.9,35.1,33.8,34.65,+0.90,3017
106/01/03,2358997,82166493,34.6,34.95,34.6,34.95,+0.30,1239
106/01/04,1437690,49863167,34.9,35.0,34.55,34.6,-0.35,961
106/01/05,1293524,44576820,34.65,34.75,34.3,34.35,-0.25,786
106/01/06,1984099,69055165,34.35,35.0,34.35,35.0,+0.65,1050
106/01/09,4614260,163183502,35.4,35.75,35.1,35.2,+0.20,2465
106/01/10,1416792,49347913,35.1,35.2,34.6,34.7,-0.50,894
106/01/11,1184269,41192752,34.8,35.45,34.55,34.55,-0.15,708
106/01/12,988905,34238145,34.7,34.9,34.4,34.65,+0.10,659
106/01/13,659300,22832488,34.8,34.85,34.45,34.55,-0.10,416
106/01/16,1240820,42175857,34.5,34.5,33.85,33.9,-0.65,726
106/01/17,683987,23237655,33.9,34.1,33.8,34.05,+0.15,440
106/01/18,683677,23241366,33.9,34.2,33.9,33.95,-0.10,480
106/01/19,1028122,35169312,34.1,34.4,34.05,34.1,+0.15,662
106/01/20,679323,23161262,34.15,34.3,33.9,33.9,-0.20,408
106/01/23,673537,22909089,33.95,34.2,33.9,33.95,+0.05,401
106/01/24,980317,33562467,34.05,34.3,33.9,34.3,+0.35,606
106/02/02,1608490,55705533,34.4,34.85,34.4,34.85,+0.55,980
106/02/03,1939320,67855618,34.95,35.2,34.8,34.95,+0.10,1054
106/02/06,1919753,67521581,35.3,35.3,35.0,35.2,+0.25,1114
106/02/07,6817186,244904214,35.45,36.3,35.3,36.3,+1.10,3458
106/02/08,3521599,126698665,36.3,36.5,35.65,35.9,-0.40,1895
106/02/09,4884118,177947665,36.1,36.95,36.0,36.1,+0.20,2596
106/02/10,3200932,115071713,36.3,36.55,35.5,35.5,-0.60,1952
106/02/13,2668352,95859821,35.7,36.3,35.7,36.0,+0.50,1363
106/02/14,1740345,62688694,36.3,36.4,35.8,35.9,-0.10,1047
106/02/15,4680203,170217806,36.15,36.7,36.0,36.3,+0.40,2496
106/02/16,2701674,98049606,36.6,36.7,36.1,36.3, 0.00,1557
106/02/17,2794753,102167504,36.2,36.7,36.2,36.65,+0.35,1527
106/02/18,4950612,185974720,36.8,38.1,36.8,37.4,+0.75,2744
106/02/20,2962505,110307261,37.6,37.85,36.8,37.1,-0.30,1719
106/02/21,2802084,104368715,37.5,37.5,36.75,37.5,+0.40,1606
106/02/22,4825709,182992317,37.65,38.5,37.3,37.5, 0.00,2611
106/02/23,4527939,168305983,37.8,37.85,36.8,36.9,-0.60,2500
106/02/24,4203747,157288377,37.15,37.75,36.85,37.75,+0.85,2077
106/03/01,7071168,271108850,37.95,38.9,37.75,38.3,+0.55,4076
106/03/02,5409918,208154162,38.75,38.95,38.05,38.25,-0.05,2848
106/03/03,3451308,132812504,38.25,38.8,38.15,38.2,-0.05,1870
106/03/06,4308355,166666501,38.2,38.9,38.15,38.6,+0.40,2279
106/03/07,4526021,175372759,38.65,39.1,38.3,38.9,+0.30,2390
106/03/08,2404410,93237233,39.3,39.3,38.5,38.65,-0.25,1571
106/03/09,2667789,101974247,38.8,38.9,37.9,38.05,-0.60,1604
106/03/10,2602098,97722726,38.0,38.05,37.05,38.05, 0.00,1621
106/03/13,1570801,59443503,38.0,38.2,37.65,37.75,-0.30,1091
106/03/14,1996607,76168044,37.85,38.4,37.85,38.0,+0.25,1119
106/03/15,4338449,167464199,38.15,38.9,38.15,38.5,+0.50,2345
106/03/16,2112309,81272392,38.6,38.8,38.3,38.45,-0.05,1239
106/03/17,1567757,60251438,38.6,38.65,38.3,38.45, 0.00,847
106/03/20,1549741,59671977,38.6,38.75,38.35,38.5,+0.05,1081
106/03/21,2486117,96437499,38.75,39.1,38.6,38.7,+0.20,1601
106/03/22,4894186,190716965,38.5,39.3,38.35,39.3,+0.60,2477
106/03/23,6476751,257260879,39.95,40.1,39.3,39.35,+0.05,3474
106/03/24,2598244,101175275,39.4,39.6,38.7,38.7,-0.65,1509
106/03/27,2448819,93804233,38.55,38.75,37.7,37.9,-0.80,1480
106/03/28,2372292,89272858,38.25,38.35,37.2,37.75,-0.15,1411
106/03/29,1806364,68701632,38.3,38.3,37.85,38.2,+0.45,1186
106/03/30,3646029,141728025,38.5,39.15,38.4,39.1,+0.90,2104
106/03/31,2067679,80231504,39.05,39.1,38.7,38.7,-0.40,1103
106/04/05,2805324,109244842,38.55,39.3,38.55,39.15,+0.45,1634
106/04/06,1198332,46633385,39.15,39.15,38.8,38.9,-0.25,793
106/04/07,1900110,73476297,38.95,39.05,38.15,39.0,+0.10,1193
106/04/10,16070176,648604962,39.25,41.05,39.2,40.45,+1.45,7878
106/04/11,6824855,273566870,40.8,40.85,39.6,40.0,-0.45,3799
106/04/12,11472553,470075527,40.0,41.5,40.0,40.7,+0.70,5918
106/04/13,9724069,400913511,41.5,42.0,40.25,40.3,-0.40,5097
106/04/14,6005580,235604620,40.0,40.0,38.6,38.7,-1.60,3183
106/04/17,2742947,106158433,39.2,39.25,38.1,38.9,+0.20,1573
106/04/18,2097365,81545535,39.4,39.4,38.6,38.85,-0.05,1391
106/04/19,3072705,117649651,39.05,39.05,37.75,38.25,-0.60,1715
106/04/20,2234972,85606279,38.1,38.75,38.0,38.25, 0.00,1374
106/04/21,1535827,59458366,38.55,38.95,38.5,38.85,+0.60,964
106/04/24,1420050,54947174,39.15,39.25,38.4,38.4,-0.45,772
106/04/25,1432666,55385987,38.65,38.95,38.45,38.75,+0.35,711
106/04/26,11323750,455141786,39.4,40.95,39.1,40.95,+2.20,5844
106/04/27,8079922,334751491,41.45,41.85,41.1,41.1,+0.15,4363
106/04/28,16737303,708522286,41.7,42.9,41.25,42.75,+1.65,7754
106/05/02,6534331,278031404,43.2,43.3,42.15,42.65,-0.10,3559
106/05/03,3618143,153168406,42.7,42.9,42.05,42.1,-0.55,2368
106/05/04,6599213,282424261,42.4,43.1,42.4,42.9,+0.80,3353
106/05/05,2797704,119448280,43.15,43.15,42.45,42.45,-0.45,1467
106/05/08,2394399,101988395,42.85,42.9,42.4,42.6,+0.15,1455
106/05/09,8504871,361237722,42.9,43.5,41.2,41.4,-1.20,4272
106/05/10,4435874,187534723,41.4,42.8,41.4,42.65,+1.25,2211
106/05/11,2167526,91860848,42.65,42.7,42.1,42.4,-0.25,1235
106/05/12,1808153,76103798,42.4,42.5,41.8,41.85,-0.55,1123
106/05/15,3185363,135670532,42.0,42.9,41.95,42.9,+1.05,1786
106/05/16,10187659,440998499,43.2,43.75,42.55,43.3,+0.40,4299
106/05/17,3567307,152932791,43.1,43.3,42.45,43.3, 0.00,2229
106/05/18,2511937,107343386,42.4,43.0,42.35,42.95,-0.35,1478
106/05/19,3792051,163971975,43.1,43.7,42.8,42.9,-0.05,2099
106/05/22,1912934,81791076,42.95,43.25,42.45,42.9, 0.00,1040
106/05/23,3666865,158711806,43.0,43.6,42.95,43.3,+0.40,1869
106/05/24,2563355,111262786,43.5,43.6,43.25,43.35,+0.05,1452
106/05/25,2417478,104462554,43.65,43.65,43.05,43.1,-0.25,1207
106/05/26,1761412,75373130,43.25,43.25,42.5,42.8,-0.30,1049
106/05/31,5355505,233771763,43.15,44.15,42.85,43.5,+0.70,2605
106/06/01,2450376,105190082,43.25,43.3,42.65,42.95,-0.55,1485
106/06/02,5078513,221960310,43.8,44.1,43.35,43.7,+0.75,2737
106/06/03,14938881,677463196,44.0,46.0,43.65,45.8,+2.10,6979
106/06/05,6063537,274626265,45.5,45.75,45.05,45.1,-0.70,2898
106/06/06,6934430,314960850,45.4,46.2,44.9,45.0,-0.10,3563
106/06/07,9573238,420658324,44.85,45.25,43.25,43.3,-1.70,4735
106/06/08,4039953,176942396,43.7,44.15,43.65,43.65,+0.35,2118
106/06/09,2038481,89425067,44.1,44.2,43.7,43.7,+0.05,1182
106/06/12,4696830,200484623,43.2,43.25,42.25,42.35,-1.35,2498
106/06/13,2810241,119185326,42.35,42.8,42.2,42.25,-0.10,1760
106/06/14,4383600,182589920,42.55,42.6,40.95,41.55,-0.70,2345
106/06/15,2036666,85560169,41.8,42.3,41.65,42.15,+0.60,1343
106/06/16,1722895,72787525,42.0,42.6,41.9,42.05,-0.10,958
106/06/19,2488186,106019907,42.2,42.9,42.05,42.8,+0.75,1432
106/06/20,2668845,113799539,43.0,43.2,42.15,42.3,-0.50,1444
106/06/21,2265233,95936164,42.5,42.7,42.0,42.3, 0.00,1576
106/06/22,1143814,48317516,42.65,42.65,42.05,42.1,-0.20,739
106/06/23,2400062,100143168,42.4,42.4,41.4,41.55,-0.55,1414
106/06/26,2343856,97770202,41.4,42.25,41.15,42.05,+0.50,1300
106/06/27,3248855,138567295,42.55,42.9,42.1,42.8,+0.75,1864
106/06/28,2691376,114751021,42.8,42.95,42.05,42.7,-0.10,1530
106/06/29,5338065,232792845,43.3,44.2,42.85,43.1,+0.40,2966
106/06/30,2876502,121543582,42.5,42.65,42.0,42.3,-0.80,1658
106/07/03,3022398,129126998,42.15,43.15,42.0,43.15,+0.85,1696
106/07/04,3562379,154750499,43.35,43.95,43.15,43.15, 0.00,2018
106/07/05,2367166,102510018,43.9,43.9,42.9,42.9,-0.25,1335
106/07/06,1357315,58264811,43.2,43.35,42.55,43.0,+0.10,914
106/07/07,1572991,67627462,42.95,43.4,42.7,42.7,-0.30,975
106/07/10,940458,40389933,43.35,43.35,42.75,42.75,+0.05,558
106/07/11,3981465,173646568,43.3,43.85,43.0,43.7,+0.95,1972
106/07/12,4493939,197834013,43.95,44.4,43.8,43.85,+0.15,2448
106/07/13,3769896,166225070,44.0,44.4,43.65,43.95,+0.10,1848
106/07/14,6224571,277341077,44.25,44.85,43.95,44.75,+0.80,2880
106/07/17,3094276,138669139,45.05,45.3,44.35,44.75, 0.00,2039
106/07/18,4950725,223373565,44.95,45.5,44.45,45.3,+0.55,2620
106/07/19,5260101,238969700,45.6,45.7,44.85,45.65,+0.35,2993
106/07/20,6686861,305877884,45.95,46.45,44.65,44.65,-1.00,3229
106/07/21,6188459,281807014,45.2,46.0,44.6,46.0,+1.35,2937
106/07/24,9327343,434200795,46.2,47.0,46.15,46.4,+0.40,3970
106/07/25,5737338,267393046,46.45,47.0,45.8,46.9,+0.50,2825
106/07/26,5916584,278044623,47.15,47.25,46.65,47.0,+0.10,2709
106/07/27,6905804,324652797,47.8,47.95,46.15,46.15,-0.85,3410
106/07/28,5446635,247039025,46.15,46.15,45.0,45.0,-1.15,2719
106/07/31,2109759,96263169,45.45,45.85,45.3,45.75,+0.75,1223
106/08/01,5106888,237084369,45.8,46.9,45.8,46.6,+0.85,2476
106/08/02,5126410,237268694,46.7,46.85,46.0,46.3,-0.30,2578
106/08/03,5332345,237638399,45.0,45.0,44.4,44.4,X0.00,2620
106/08/04,3806779,170438531,44.2,45.25,44.05,44.85,+0.45,2295
106/08/07,3625881,160469534,44.85,44.85,44.05,44.1,-0.75,2064
106/08/08,3787535,165058821,44.2,44.4,43.3,43.35,-0.75,2068
106/08/09,3075719,133446027,43.1,44.05,43.05,43.15,-0.20,1671
106/08/10,7882041,326461548,43.15,43.15,40.8,40.9,-2.25,3546
106/08/11,3608598,148139141,40.7,41.85,40.0,41.85,+0.95,1848
106/08/14,2960901,121978930,41.85,42.0,40.8,40.8,-1.05,1284
106/08/15,1488314,61504544,41.2,41.6,40.9,41.6,+0.80,922
106/08/16,1490222,61953180,41.3,41.85,41.0,41.6, 0.00,891
106/08/17,2131600,90248489,41.65,42.6,41.65,42.5,+0.90,1113
106/08/18,1618684,67642109,41.95,42.1,41.5,41.95,-0.55,788
106/08/21,1907077,79417366,41.95,41.95,41.5,41.75,-0.20,1109
106/08/22,3866633,164033306,41.8,42.9,41.75,42.85,+1.10,1879
106/08/23,4039416,171335346,42.85,42.9,41.8,42.55,-0.30,1745
106/08/24,1847471,77817578,42.05,42.35,41.95,42.05,-0.50,934
106/08/25,1406568,59577838,42.25,42.75,42.15,42.5,+0.45,851
106/08/28,1705602,72827050,42.95,43.0,42.5,42.65,+0.15,869
106/08/29,1965774,82980490,42.65,42.7,41.95,42.2,-0.45,1076
106/08/30,1650450,70191176,42.25,42.85,42.25,42.65,+0.45,940
106/08/31,3949718,169669211,42.8,43.15,42.7,43.15,+0.50,2359
106/09/01,1835387,78878391,43.4,43.4,42.75,43.0,-0.15,1390
106/09/04,2045775,88271044,42.85,43.5,42.65,43.35,+0.35,1233
106/09/05,6757968,298859765,43.35,45.1,42.85,44.7,+1.35,3275
106/09/06,4393305,192293709,44.1,44.4,43.0,43.55,-1.15,2323
106/09/07,2572702,112710913,43.6,44.25,43.3,43.7,+0.15,1401
106/09/08,3513298,152391599,43.95,44.1,43.05,43.3,-0.40,1893
106/09/11,2998993,128369649,43.3,43.55,42.45,42.5,-0.80,1804
106/09/12,3043637,131451660,43.2,43.5,42.9,43.05,+0.55,1374
106/09/13,2529458,108929309,43.35,43.45,42.65,43.3,+0.25,1105
106/09/14,1533950,66130779,43.25,43.35,42.8,43.35,+0.05,852
106/09/15,5849842,258520885,43.5,44.95,43.15,44.35,+1.00,3111
106/09/18,11402940,518864281,45.6,46.3,44.3,44.3,-0.05,5676
106/09/19,3347427,146892695,44.35,44.6,43.55,43.7,-0.60,1869
106/09/20,1987535,86709692,43.75,44.1,43.35,43.5,-0.20,1110
106/09/21,1354309,59225035,43.3,44.1,43.3,43.75,+0.25,729
106/09/22,2417035,104201648,44.0,44.0,42.8,42.85,-0.90,1246
106/09/25,2078488,89053831,43.4,43.4,42.5,42.8,-0.05,1058
106/09/26,2763475,115649187,42.55,42.8,41.0,41.2,-1.60,1615
106/09/27,1579619,66388171,41.25,42.6,41.25,41.95,+0.75,961
106/09/28,1035226,43387066,42.05,42.5,41.6,41.9,-0.05,609
106/09/29,1339462,55811341,41.9,42.0,41.3,41.9, 0.00,759
106/09/30,862624,36486098,42.2,42.55,42.15,42.3,+0.40,489
106/10/02,1529204,65305249,42.65,43.1,42.2,42.8,+0.50,839
106/10/03,2167434,93551285,42.8,43.5,42.65,43.5,+0.70,1227
106/10/05,7554479,335605071,44.2,45.0,44.1,44.1,+0.60,3483
106/10/06,2503011,108835323,44.25,44.45,43.0,43.5,-0.60,1407
106/10/11,2349729,102079317,43.7,43.9,43.25,43.3,-0.20,1194
106/10/12,3540857,155248551,43.8,44.25,43.55,43.7,+0.40,1744
106/10/13,3308521,145020918,43.4,44.35,43.15,44.0,+0.30,1800
106/10/16,7989806,357169572,44.35,45.1,43.85,45.1,+1.10,3711
106/10/17,13132757,593730175,45.65,46.0,43.85,43.9,-1.20,6410
106/10/18,3309011,144346231,44.0,44.15,43.3,43.7,-0.20,1994
106/10/19,2472985,109359625,44.2,44.5,43.8,44.45,+0.75,1510
106/10/20,2866449,126392506,44.45,44.45,43.9,44.0,-0.45,963
106/10/23,3624254,162319060,44.2,45.45,44.2,44.6,+0.60,2035
106/10/24,6079138,274701810,44.75,45.6,44.35,45.45,+0.85,2868
106/10/25,9089420,416303322,45.65,46.3,45.0,46.15,+0.70,4065
106/10/26,9135265,419164990,46.4,46.4,45.5,45.65,-0.50,4351
106/10/27,6290258,286398500,45.75,46.3,44.65,44.8,-0.85,3017
106/10/30,2822919,127042444,45.3,45.9,44.1,45.15,+0.35,1707
106/10/31,13859171,642874463,45.35,46.9,45.2,46.25,+1.10,6244
106/11/01,7904235,362727715,46.0,46.3,45.2,46.25, 0.00,3847
106/11/02,47282228,2350105403,46.8,50.8,46.8,50.7,+4.45,18862
106/11/03,24690088,1251239746,52.0,52.2,49.5,50.1,-0.60,11729
106/11/06,11384574,566264333,50.2,50.7,48.7,50.7,+0.60,5036
106/11/07,17303539,885151036,51.2,52.4,49.8,49.8,-0.90,8054
106/11/08,10722751,546669539,50.0,51.8,49.8,51.7,+1.90,5578
106/11/09,14563927,737669652,51.8,52.9,48.8,49.1,-2.60,7461
106/11/10,8540998,422638696,49.75,50.4,48.75,49.25,+0.15,3948
106/11/13,10558120,531987462,50.0,51.5,49.35,49.4,+0.15,5824
106/11/14,7346100,368172625,50.0,51.0,49.05,51.0,+1.60,4120
106/11/15,6302397,319394164,50.8,51.3,50.1,50.3,-0.70,3474
106/11/16,30942842,1626306034,50.4,53.6,50.0,52.2,+1.90,14834
106/11/17,23895793,1282840858,53.5,54.9,52.5,52.8,+0.60,11754
106/11/20,9962171,512254082,52.3,52.3,50.4,51.3,-1.50,5416
106/11/21,6141077,319194404,51.9,52.6,51.6,51.9,+0.60,3148
106/11/22,15572946,826006174,52.5,54.2,51.6,52.4,+0.50,7308
106/11/23,6009473,314818396,52.9,53.3,51.9,52.0,-0.40,3137
106/11/24,4756457,247769515,52.3,52.7,51.5,51.9,-0.10,2491
106/11/27,8506758,446652507,52.5,53.8,51.3,51.6,-0.30,4407
106/11/28,6917400,353300860,52.0,52.1,50.8,50.9,-0.70,3704
106/11/29,9292357,483608839,51.9,52.8,51.3,51.5,+0.60,4594
106/11/30,7709980,398139575,51.1,52.5,50.8,51.2,-0.30,3756
106/12/01,11362020,575241281,52.4,52.7,49.25,49.6,-1.60,5357
106/12/04,4990996,245283293,49.7,50.0,48.75,48.8,-0.80,2596
106/12/05,4514429,220509186,48.9,49.6,48.1,48.3,-0.50,2775
106/12/06,6375626,306114863,48.7,48.75,47.3,48.25,-0.05,3127
106/12/07,5869638,284971185,48.7,48.95,48.05,48.35,+0.10,3185
106/12/08,5241441,248351109,48.5,48.7,46.6,47.7,-0.65,2854
106/12/11,3968907,192335309,48.15,49.1,47.5,48.85,+1.15,2308
106/12/12,7868529,390579887,49.2,50.3,48.85,48.95,+0.10,4014
106/12/13,2751869,134603162,49.05,49.5,48.5,49.5,+0.55,1701
106/12/14,2672638,131641412,49.5,49.75,48.7,48.75,-0.75,1670
106/12/15,2043954,98541680,48.6,48.7,47.9,48.3,-0.45,1256
106/12/18,4868606,239914786,48.45,49.85,48.4,49.75,+1.45,2487
106/12/19,7957865,395679455,50.0,50.2,48.95,49.1,-0.65,4030
106/12/20,1755703,86171856,49.1,49.3,48.8,49.0,-0.10,936
106/12/21,1209175,59246299,49.3,49.35,48.8,48.8,-0.20,725
106/12/22,1299059,63046565,49.1,49.1,48.3,48.4,-0.40,749
106/12/25,2332970,111454469,48.25,48.4,47.45,47.45,-0.95,1363
106/12/26,3896805,180309327,47.5,47.7,45.45,45.85,-1.60,2065
106/12/27,1352104,62360635,45.85,46.35,45.8,46.05,+0.20,811
106/12/28,1236622,57448419,46.35,46.7,46.3,46.5,+0.45,717
106/12/29,1555091,72366121,46.8,47.05,46.05,46.1,-0.40,899
107/01/02,3598355,163349340,46.1,46.25,44.9,45.25,-0.85,1783
107/01/03,2631295,120707470,45.8,46.25,45.45,46.0,+0.75,1585
107/01/04,2941034,134227345,46.25,46.25,45.2,45.6,-0.40,1773
107/01/05,4313386,198654442,45.7,46.55,45.7,45.9,+0.30,2036
107/01/08,4812566,217347574,45.7,45.8,44.75,44.75,-1.15,2548
107/01/09,4446319,200211219,44.5,45.55,44.5,45.55,+0.80,2173
107/01/10,5714646,259163972,45.65,45.7,44.9,45.05,-0.50,2393
107/01/11,6319157,279962149,45.05,45.15,43.75,43.9,-1.15,3401
107/01/12,3023871,134570192,44.2,44.8,44.05,44.5,+0.60,1519
107/01/15,3095658,139277747,44.65,45.5,44.5,45.3,+0.80,1642
107/01/16,3173319,144318207,45.5,45.7,45.15,45.65,+0.35,1686
107/01/17,2369197,108012159,45.45,46.0,45.2,45.5,-0.15,1463
107/01/18,2381547,108466135,45.9,45.9,45.3,45.5, 0.00,1090
107/01/19,2139797,96954771,45.75,45.75,45.05,45.2,-0.30,1359
107/01/22,6074155,281118417,45.45,46.8,45.25,46.7,+1.50,3203
107/01/23,3850992,179189027,47.05,47.2,46.05,46.15,-0.55,2113
107/01/24,2112874,96629578,46.2,46.2,45.55,45.85,-0.30,1283
107/01/25,2485597,114409794,45.85,46.7,45.55,45.8,-0.05,1459
107/01/26,2622368,121336826,46.45,46.6,46.05,46.15,+0.35,1554
107/01/29,2670555,124057923,46.5,46.8,46.1,46.55,+0.40,1557
107/01/30,3350969,156675087,46.65,47.15,46.25,46.9,+0.35,2041
107/01/31,2315864,107039863,46.45,46.6,45.85,46.2,-0.70,1415
